2 0.3173076923076923 0.25961538461538464 0.052884615384615384 0.03365384615384615
1 0.3317307692307692 0.6274038461538461 0.06971153846153846 0.06490384615384616
0 0.5985576923076923 0.3918269230769231 0.03365384615384615 0.038461538461538464
0 0.6033653846153846 0.3233173076923077 0.03365384615384615 0.04326923076923077
0 0.6153846153846154 0.7524038461538461 0.038461538461538464 0.04326923076923077
0 0.6225961538461539 0.6875 0.04326923076923077 0.040865384615384616
2 0.6442307692307693 0.3605769230769231 0.052884615384615384 0.04807692307692308
2 0.6622596153846154 0.7223557692307693 0.0625 0.04326923076923077
1 0.6935096153846154 0.36177884615384615 0.04326923076923077 0.04807692307692308
1 0.7175480769230769 0.7247596153846154 0.0625 0.06971153846153846
0 0.20432692307692307 0.6105769230769231 0.040865384615384616 0.038461538461538464
0 0.22115384615384615 0.671875 0.04807692307692308 0.04807692307692308
2 0.25 0.6310096153846154 0.0673076923076923 0.03365384615384615
0 0.27884615384615385 0.22716346153846154 0.038461538461538464 0.04567307692307692
0 0.2848557692307692 0.2920673076923077 0.04807692307692308 0.038461538461538464