0 0.4110576923076923 0.31009615384615385 0.019230769230769232 0.028846153846153848
0 0.3269230769230769 0.6358173076923077 0.036057692307692304 0.04807692307692308
1 0.43509615384615385 0.6586538461538461 0.04326923076923077 0.057692307692307696
2 0.37259615384615385 0.6670673076923077 0.07211538461538461 0.038461538461538464
0 0.3389423076923077 0.7007211538461539 0.038461538461538464 0.04567307692307692
0 0.6935096153846154 0.2247596153846154 0.028846153846153848 0.02403846153846154
2 0.6862980769230769 0.2512019230769231 0.052884615384615384 0.03125
0 0.7247596153846154 0.25721153846153844 0.02403846153846154 0.02403846153846154
1 0.6466346153846154 0.25841346153846156 0.02403846153846154 0.028846153846153848
0 0.40865384615384615 0.2620192307692308 0.028846153846153848 0.040865384615384616
1 0.33653846153846156 0.2932692307692308 0.026442307692307692 0.04807692307692308
2 0.3798076923076923 0.296875 0.04807692307692308 0.028846153846153848