0 0.765625 0.46274038461538464 0.057692307692307696 0.04326923076923077
1 0.7612576514423076 0.5943872740384616 0.7519917235576923 0.5956563028846154 0.7408726033653846 0.6013670264423077 0.7306800865384615 0.6045396466346153 0.7228040432692308 0.6108848846153846 0.7153913100961538 0.6146920168269231 0.7098317475961539 0.6204027427884615 0.7038088990384614 0.6286515721153846 0.7010291105769231 0.6388039423076923 0.7042721875000001 0.6464182091346153 0.71400140625 0.6533979615384615 0.7255838149038462 0.6578396586538461 0.7367029374999999 0.6578396586538461 0.7482853461538461 0.6546670384615385 0.7598677572115384 0.65085990625 0.7695969639423077 0.642611076923077 0.7770097259615384 0.63309321875 0.783495875 0.6191337139423077 0.7834187235576924 0.6045948052884615 0.7742299278846154 0.6007325120192308 0.7612576514423076 0.5943872740384616
2 0.7395565769230769 0.5271277572115385 0.7349236129807692 0.5157063076923077 0.7312172451923077 0.5030158317307692 0.7302906490384615 0.4909598701923077 0.72658428125 0.4776348798076923 0.7173183533653845 0.4776348798076923 0.7080524254807692 0.4820765264423077 0.702029576923077 0.4922289471153846 0.7043460576923077 0.5112646610576923 0.7066625408653846 0.5258586802884616 0.702492829326923 0.5436253677884616 0.7001763485576924 0.5613920048076924 0.6992497860576923 0.5747170456730769 0.7066625408653846 0.5797932067307692 0.7159284687499999 0.5816967980769231 0.7261209759615385 0.5791586923076923 0.7339970168269231 0.5766205865384616 0.7437262524038462 0.5690063197115385 0.7548453557692307 0.5601229783653846 0.7562158389423076 0.5458825528846154 0.750212391826923 0.5353765384615385 0.7395565769230769 0.5271277572115385
0 0.671875 0.5036057692307693 0.052884615384615384 0.038461538461538464
0 0.5096153846153846 0.5492788461538461 0.052884615384615384 0.03365384615384615
2 0.4371918774038462 0.48842176442307694 0.4404349543269231 0.49920869951923075 0.4450679182692308 0.5080920432692307 0.4464578052884616 0.5245896514423077 0.44784768990384616 0.5429908533653847 0.45155405769230766 0.555046766826923 0.4603566971153846 0.555681329326923 0.469622625 0.555046766826923 0.4756454735576923 0.5493360913461538 0.4756454735576923 0.5360110528846154 0.47749866826923076 0.5207825192307692 0.4802784399038461 0.5087265552884616 0.48815448076923074 0.49920869951923075 0.4923241370192307 0.49349797355769226 0.4923241370192307 0.47953846875 0.4904709639423077 0.4731932307692308 0.48352151682692307 0.46684799278846156 0.47147580048076926 0.4636753725961539 0.46406306490384613 0.46050275480769226 0.4552604254807692 0.46494440144230764 0.44831098076923076 0.46684799278846156 0.4432147259615385 0.46938605048076926 0.4361478389423077 0.47685598557692305 0.4371918774038462 0.48842176442307694
1 0.48498527163461536 0.41227895192307695 0.4771092307692308 0.40656818028846153 0.46406306490384613 0.4046645889423077 0.45487100721153845 0.40529915144230766 0.4451417716346154 0.4046645889423077 0.4354125552884615 0.4110098269230769 0.4270732043269231 0.41989321875 0.42290353124999996 0.4294110769230769 0.43031630048076924 0.43702534374999996 0.43958222836538463 0.44083247596153846 0.4469949639423077 0.44273606730769227 0.45718748798076925 0.44273606730769227 0.46645341586538464 0.4421015528846154 0.4775725192307692 0.44146703846153845 0.48352151682692307 0.4376598581730769 0.4928612980769231 0.4325836971153846 0.4974942620192308 0.4243348677884615 0.49100812259615384 0.41925865625 0.48498527163461536 0.41227895192307695
0 0.4170673076923077 0.5528846153846154 0.052884615384615384 0.03365384615384615
0 0.3016826923076923 0.5192307692307693 0.05048076923076923 0.03365384615384615
2 0.23967987740384616 0.6045396466346153 0.24755588461538464 0.6058086730769231 0.2563585600961539 0.6058086730769231 0.2656244879807692 0.60707775 0.27350051201923076 0.6045396466346153 0.27998666826923074 0.5994634350961539 0.2860095192307692 0.5905801418269231 0.2864728245192308 0.5810622836538462 0.2855462283653846 0.5747170456730769 0.2809132644230769 0.5677372427884616 0.27628030048076924 0.5525087115384616 0.2753537043269231 0.5391836706730769 0.2725739326923077 0.5239551370192308 0.27118402884615384 0.5093610697115385 0.2613379735576923 0.5068229663461539 0.2543885288461538 0.5087265552884616 0.24558590624999999 0.5099955841346154 0.24697575721153847 0.522051548076923 0.24697575721153847 0.5347420240384616 0.2446592764423077 0.546797985576923 0.24106976442307693 0.5658337019230769 0.23643680048076923 0.5753515600961538 0.2327304326923077 0.5893110649038461 0.23357315384615385 0.5982475360576923 0.23967987740384616 0.6045396466346153
1 0.2832297475961539 0.624844389423077 0.2744271081730769 0.624209875 0.2628446971153846 0.6267479807692309 0.25496865625000004 0.626113466346154 0.24523940384615386 0.625478951923077 0.23643680048076923 0.6305551129807692 0.22717087259615384 0.6356313245192309 0.22068473317307694 0.6413420480769231 0.21744163701923075 0.6521289326923078 0.22902402884615383 0.6578396586538461 0.24523940384615386 0.6622813052884615 0.25774844471153846 0.6641848966346154 0.26655106490384617 0.6629158197115385 0.27581699278846156 0.6616467908653847 0.28415634375 0.6565705817307692 0.2915690793269231 0.6489563149038461 0.2937667740384616 0.6418850216346154 0.29110578846153845 0.6343622475961539 0.2832297475961539 0.624844389423077
0 0.203125 0.5180288461538461 0.0625 0.038461538461538464