0 0.5420673076923077 0.234375 0.04326923076923077 0.021634615384615384
0 0.3545673076923077 0.23918269230769232 0.04326923076923077 0.019230769230769232
0 0.2776442307692308 0.2439903846153846 0.04807692307692308 0.019230769230769232
0 0.46274038461538464 0.24759615384615385 0.05048076923076923 0.019230769230769232
2 0.5132211538461539 0.25841346153846156 0.04326923076923077 0.036057692307692304
2 0.32572115384615385 0.2620192307692308 0.05048076923076923 0.03365384615384615
1 0.3269230769230769 0.2848557692307692 0.07211538461538461 0.02403846153846154
1 0.5192307692307693 0.2920673076923077 0.08173076923076923 0.036057692307692304
0 0.6790865384615384 0.32211538461538464 0.036057692307692304 0.02403846153846154
0 0.7427884615384616 0.3401442307692308 0.052884615384615384 0.02403846153846154
2 0.6850961538461539 0.34615384615384615 0.052884615384615384 0.03365384615384615
1 0.6790865384615384 0.3713942307692308 0.07692307692307693 0.03365384615384615