2 0.6778846153846154 0.33413461538461536 0.028846153846153848 0.0625
1 0.22596153846153846 0.3557692307692308 0.038461538461538464 0.04567307692307692
1 0.6850961538461539 0.38822115384615385 0.040865384615384616 0.052884615384615384
0 0.4675480769230769 0.2283653846153846 0.026442307692307692 0.03365384615384615
0 0.5060096153846154 0.23677884615384615 0.03365384615384615 0.03365384615384615
0 0.23197115384615385 0.2608173076923077 0.02403846153846154 0.028846153846153848
2 0.4795673076923077 0.26802884615384615 0.036057692307692304 0.055288461538461536
0 0.6995192307692307 0.28846153846153844 0.03365384615384615 0.036057692307692304
0 0.18990384615384615 0.28966346153846156 0.028846153846153848 0.038461538461538464
0 0.6586538461538461 0.30288461538461536 0.02403846153846154 0.03125
2 0.22115384615384615 0.30649038461538464 0.03365384615384615 0.057692307692307696
1 0.4807692307692308 0.3173076923076923 0.04326923076923077 0.038461538461538464