0 0.3737980769230769 0.3137019230769231 0.021634615384615384 0.021634615384615384
0 0.3389423076923077 0.31971153846153844 0.019230769230769232 0.019230769230769232
2 0.3545673076923077 0.3401442307692308 0.02403846153846154 0.038461538461538464
1 0.3605769230769231 0.36658653846153844 0.04326923076923077 0.03365384615384615
0 0.49278846153846156 0.38822115384615385 0.02403846153846154 0.028846153846153848
0 0.46153846153846156 0.40024038461538464 0.019230769230769232 0.026442307692307692
2 0.47596153846153844 0.41466346153846156 0.019230769230769232 0.03365384615384615
1 0.4855769230769231 0.44471153846153844 0.036057692307692304 0.03365384615384615
0 0.5336538461538461 0.49278846153846156 0.02403846153846154 0.02403846153846154
2 0.5480769230769231 0.5168269230769231 0.028846153846153848 0.040865384615384616
1 0.5420673076923077 0.5552884615384616 0.036057692307692304 0.036057692307692304
0 0.5817307692307693 0.5661057692307693 0.03125 0.03365384615384615
0 0.6334134615384616 0.5997596153846154 0.03365384615384615 0.036057692307692304
2 0.5985576923076923 0.6201923076923077 0.038461538461538464 0.06490384615384616
1 0.5913461538461539 0.6622596153846154 0.04807692307692308 0.03365384615384615