2 0.28846153846153844 0.8016826923076923 0.019230769230769232 0.028846153846153848
0 0.2920673076923077 0.17307692307692307 0.021634615384615384 0.03365384615384615
2 0.29927884615384615 0.22235576923076922 0.038461538461538464 0.052884615384615384
1 0.3076923076923077 0.7980769230769231 0.014423076923076924 0.04807692307692308
1 0.33052884615384615 0.23197115384615385 0.02403846153846154 0.038461538461538464
0 0.41346153846153844 0.8389423076923077 0.014423076923076924 0.03365384615384615
0 0.41586538461538464 0.7884615384615384 0.014423076923076924 0.028846153846153848
2 0.42788461538461536 0.8088942307692307 0.028846153846153848 0.03365384615384615
1 0.4519230769230769 0.8112980769230769 0.016826923076923076 0.040865384615384616
0 0.18509615384615385 0.5444711538461539 0.016826923076923076 0.038461538461538464
0 0.18870192307692307 0.6045673076923077 0.014423076923076924 0.038461538461538464
2 0.203125 0.5793269230769231 0.03125 0.038461538461538464
1 0.23317307692307693 0.5757211538461539 0.019230769230769232 0.055288461538461536
0 0.27403846153846156 0.7824519230769231 0.014423076923076924 0.03365384615384615
0 0.27403846153846156 0.21153846153846154 0.019230769230769232 0.016826923076923076
0 0.27524038461538464 0.8317307692307693 0.009615384615384616 0.03125