1 0.4326923076923077 0.5901442307692307 0.03365384615384615 0.08173076923076923
0 0.4567307692307692 0.3545673076923077 0.028846153846153848 0.052884615384615384
2 0.49038461538461536 0.35336538461538464 0.04326923076923077 0.057692307692307696
0 0.5036057692307693 0.39663461538461536 0.03365384615384615 0.04326923076923077
1 0.5120192307692307 0.3137019230769231 0.040865384615384616 0.04807692307692308
0 0.5757211538461539 0.7728365384615384 0.038461538461538464 0.04807692307692308
0 0.5973557692307693 0.6983173076923077 0.03125 0.038461538461538464
2 0.6117788461538461 0.7536057692307693 0.04807692307692308 0.06009615384615385
1 0.6430288461538461 0.7884615384615384 0.038461538461538464 0.07692307692307693
0 0.36778846153846156 0.5793269230769231 0.026442307692307692 0.0625
0 0.3918269230769231 0.6610576923076923 0.03365384615384615 0.05048076923076923
2 0.3954326923076923 0.6057692307692307 0.04326923076923077 0.057692307692307696