2 0.32211538461538464 0.33413461538461536 0.028846153846153848 0.0625
1 0.7740384615384616 0.3557692307692308 0.038461538461538464 0.04567307692307692
1 0.31490384615384615 0.38822115384615385 0.040865384615384616 0.052884615384615384
0 0.5324519230769231 0.2283653846153846 0.026442307692307692 0.03365384615384615
0 0.49399038461538464 0.23677884615384615 0.03365384615384615 0.03365384615384615
0 0.7680288461538461 0.2608173076923077 0.02403846153846154 0.028846153846153848
2 0.5204326923076923 0.26802884615384615 0.036057692307692304 0.055288461538461536
0 0.3004807692307692 0.28846153846153844 0.03365384615384615 0.036057692307692304
0 0.8100961538461539 0.28966346153846156 0.028846153846153848 0.038461538461538464
0 0.34134615384615385 0.30288461538461536 0.02403846153846154 0.03125
2 0.7788461538461539 0.30649038461538464 0.03365384615384615 0.057692307692307696
1 0.5192307692307693 0.3173076923076923 0.04326923076923077 0.038461538461538464