0 0.3762019230769231 0.5480769230769231 0.019230769230769232 0.021634615384615384
0 0.3786057692307692 0.5084134615384616 0.021634615384615384 0.026442307692307692
2 0.39783653846153844 0.53125 0.036057692307692304 0.019230769230769232
0 0.4050480769230769 0.2980769230769231 0.019230769230769232 0.02403846153846154
0 0.4182692307692308 0.33653846153846156 0.019230769230769232 0.019230769230769232
2 0.43028846153846156 0.3173076923076923 0.03365384615384615 0.02403846153846154
1 0.44471153846153844 0.5324519230769231 0.038461538461538464 0.028846153846153848
1 0.46274038461538464 0.31009615384615385 0.028846153846153848 0.038461538461538464
0 0.484375 0.8425480769230769 0.01201923076923077 0.01201923076923077
0 0.4879807692307692 0.8677884615384616 0.009615384615384616 0.01201923076923077
2 0.5 0.8521634615384616 0.021634615384615384 0.01201923076923077
0 0.5036057692307693 0.09014423076923077 0.014423076923076924 0.014423076923076924
0 0.5108173076923077 0.11538461538461539 0.014423076923076924 0.009615384615384616
2 0.5216346153846154 0.10336538461538461 0.02403846153846154 0.014423076923076924
1 0.5240384615384616 0.8509615384615384 0.019230769230769232 0.028846153846153848
1 0.5444711538461539 0.09735576923076923 0.019230769230769232 0.02403846153846154