0 0.7439903846153846 0.6959134615384616 0.026442307692307692 0.019230769230769232
2 0.7115384615384616 0.6850961538461539 0.04326923076923077 0.02403846153846154
1 0.6838942307692307 0.7019230769230769 0.038461538461538464 0.02403846153846154
0 0.5961538461538461 0.21033653846153846 0.02403846153846154 0.019230769230769232
0 0.5793269230769231 0.18389423076923078 0.028846153846153848 0.02403846153846154
2 0.5637019230769231 0.20552884615384615 0.03365384615384615 0.028846153846153848
1 0.5348557692307693 0.20673076923076922 0.028846153846153848 0.028846153846153848
0 0.8533653846153846 0.45072115384615385 0.03125 0.019230769230769232
0 0.84375 0.43149038461538464 0.02403846153846154 0.01201923076923077
2 0.8317307692307693 0.4387019230769231 0.026442307692307692 0.016826923076923076
1 0.8076923076923077 0.4519230769230769 0.026442307692307692 0.02403846153846154