0 0.7164708125 0.38844242067307694 0.7098222043269231 0.3873861346153846 0.7029625240384616 0.3871044567307692 0.70064078125 0.38942828605769225 0.7001131153846154 0.3910479254807692 0.7018016490384615 0.39421678125 0.7056008629807693 0.3952026466346154 0.7112996682692307 0.3948505528846154 0.7175261466346154 0.39379426682692303 0.72428946875 0.3922882091346154 0.7252300985576923 0.39076624759615386 0.7212198221153846 0.38935786778846154 0.7164708125 0.38844242067307694
0 0.6782062019230769 0.3923858846153846 0.6789449423076923 0.39379426682692303 0.6787338701923077 0.3950618076923077 0.6792615384615384 0.39618851442307695 0.6813722091346153 0.3967518653846154 0.6855935504807692 0.395766 0.6886540240384615 0.3936534278846154 0.6878097524038461 0.3918225336538462 0.6852769543269231 0.39027331490384615 0.6818998774038462 0.3890761923076923 0.6787635576923077 0.3891211875 0.6776785360576922 0.39083666826923075 0.6777840673076923 0.3917521177884616 0.6782062019230769 0.3923858846153846
2 0.689892295673077 0.3930519615384615 0.6890145432692307 0.3951995408653846 0.6881367668269232 0.3975423581730769 0.6852108822115385 0.4006661081730769 0.6843331081730769 0.4041803389423077 0.6846257139423078 0.4067183870192308 0.6878441826923076 0.40788979326923075 0.6939885384615384 0.40808503125 0.7007180841346153 0.40788979326923075 0.699255141826923 0.40496127163461537 0.6980847836538462 0.40164228125 0.6989625336538462 0.39773758894230765 0.6987705288461539 0.3932185889423077 0.6942811225961538 0.39246626201923074 0.690477485576923 0.3916853173076923 0.689892295673077 0.3930519615384615
0 0.44381624038461537 0.40611147596153846 0.4398059711538461 0.40625231490384617 0.4360067668269231 0.4070269230769231 0.4333684278846154 0.40808320913461543 0.43252415625 0.40906907692307687 0.43357949278846153 0.4101957788461539 0.43579569471153845 0.4111816466346154 0.43927830528846157 0.4118154206730769 0.44233877884615386 0.411745 0.44656012019230773 0.4113224855769231 0.4516257235576923 0.4088578197115385 0.45377318028846153 0.4067157427884615 0.45225892307692306 0.4054072860576923 0.44803758173076924 0.40597063701923075 0.44381624038461537 0.40611147596153846
0 0.41446913701923077 0.4085761418269231 0.4105643894230769 0.40871698076923074 0.40739838461538463 0.4088578197115385 0.4044434495192308 0.40942117067307693 0.40433791826923077 0.4095620096153846 0.40433791826923077 0.4106182956730769 0.40476004567307694 0.4120266754807692 0.4061319855769231 0.4130829615384615 0.40792605288461536 0.41392799038461536 0.4108809951923077 0.41463218028846155 0.41383593750000003 0.4147025985576923 0.41731853846153844 0.4139984086538462 0.4210122115384615 0.4111816466346154 0.41985134375000005 0.40942117067307693 0.41731853846153844 0.40871698076923074 0.41446913701923077 0.4085761418269231
2 0.4319212163461538 0.4123746826923077 0.4317767884615385 0.4112182019230769 0.43062134375 0.40909798798076924 0.42888818990384614 0.40909798798076924 0.42556629567307697 0.4096762283653846 0.42166669230769227 0.4097726033653846 0.42137783653846156 0.4110254543269231 0.42108897115384614 0.4152658822115385 0.4202223942307692 0.41748246875 0.41820037259615384 0.4191208149038462 0.4176226514423077 0.420084548076923 0.4176226514423077 0.4219156394230769 0.41805594471153845 0.4238431057692308 0.4197890985576923 0.4253850817307692 0.4232554206730769 0.4253850817307692 0.42686616826923074 0.4251923341346154 0.43033248798076923 0.42422860096153847 0.4336543822115385 0.4240358533653846 0.43712068990384617 0.4231684927884615 0.4392871394230769 0.4217228918269231 0.4385649903846154 0.4188316923076923 0.4366580144230769 0.41695826682692305 0.43307665865384615 0.4150731346153846 0.4320656442307692 0.4136275360576923 0.4319212163461538 0.4123746826923077
1 0.6874703653846154 0.41130272115384614 0.6833741225961538 0.4142312403846154 0.6836667067307692 0.41755023317307693 0.6892258918269231 0.4241882139423077 0.6980035480769231 0.4218453966346154 0.7056108461538462 0.42008828125 0.7093802596153846 0.41614536538461533 0.7038553197115385 0.4126693653846154 0.6974183798076923 0.4114979591346154 0.6874703653846154 0.41130272115384614
0 0.16070523798076924 0.4195221177884615 0.15468982211538462 0.41966295673076925 0.15215702403846154 0.4200150528846154 0.14877994711538461 0.42114175961538464 0.14783014182692306 0.4225501394230769 0.1479356826923077 0.4242401947115385 0.1499408125 0.42571899519230766 0.1535289543269231 0.42564857451923077 0.1565894278846154 0.42522606250000006 0.16186610576923074 0.4231839086538462 0.16597023798076924 0.4206154423076923 0.16482104807692308 0.41895876682692307 0.16154950240384616 0.41938128125 0.16070523798076924 0.4195221177884615
0 0.13165286538461538 0.42240930048076925 0.1292255889423077 0.42212762259615383 0.12848685817307692 0.42283181490384614 0.1285923894230769 0.4238176826923077 0.1292255889423077 0.42459229086538464 0.13017539423076924 0.4255781586538462 0.13028092548076925 0.4267048605769231 0.13070306009615384 0.4272682139423077 0.132075 0.42776114663461534 0.1337635360576923 0.42776114663461534 0.13608526923076922 0.42776114663461534 0.13787934375 0.4266344423076923 0.13830148076923077 0.42452187259615387 0.1369392235576923 0.42281476201923074 0.1349244014423077 0.42262055769230766 0.13439673557692308 0.42262055769230766 0.13165286538461538 0.42240930048076925
1 0.4330456706730769 0.42848337019230764 0.4274864615384616 0.4286786081730769 0.4207569158653846 0.42985001442307696 0.4204643557692308 0.4316071298076923 0.42602351923076925 0.4343404110576923 0.4318752884615385 0.4353165841346154 0.4400677764423077 0.4325833028846154 0.4459195480769231 0.4286786081730769 0.44182332692307696 0.4273119639423077 0.43801966586538466 0.42809290624999996 0.4330456706730769 0.42848337019230764
2 0.13661879567307691 0.43131357451923075 0.13546335336538462 0.43343379567307694 0.1350300576923077 0.4361322403846154 0.13705206730769232 0.43748146875 0.14167384375 0.4381560793269231 0.14586230288461538 0.43786695913461543 0.15163949999999998 0.4365177355769231 0.15265051682692307 0.4349757596153846 0.15120621634615386 0.4324700625 0.14817318028846155 0.4308317067307692 0.14817318028846155 0.42851875 0.14687331971153844 0.42456744230769233 0.14499572596153845 0.42456744230769233 0.14138496634615386 0.4246638173076923 0.13849528846153847 0.4250248533653846 0.1373409471153846 0.4264949086538462 0.1369076514423077 0.4288078701923077 0.13661879567307691 0.43131357451923075
1 0.15016207451923075 0.44039268990384617 0.14489547115384616 0.4405879206730769 0.14109185576923078 0.4413688629807692 0.14109185576923078 0.44371168028846153 0.14518807692307692 0.4464449615384615 0.1510398485576923 0.4478116201923077 0.15923233653846153 0.44468785336538463 0.16352788221153844 0.4402916490384615 0.15864716826923075 0.43961174759615385 0.15425834134615385 0.44000221875 0.15016207451923075 0.44039268990384617