0 0.6959134615384616 0.25600961538461536 0.019230769230769232 0.026442307692307692
2 0.6850961538461539 0.28846153846153844 0.02403846153846154 0.04326923076923077
1 0.7019230769230769 0.3161057692307692 0.02403846153846154 0.038461538461538464
0 0.21033653846153846 0.40384615384615385 0.019230769230769232 0.02403846153846154
0 0.18389423076923078 0.4206730769230769 0.02403846153846154 0.028846153846153848
2 0.20552884615384615 0.4362980769230769 0.028846153846153848 0.03365384615384615
1 0.20673076923076922 0.4651442307692308 0.028846153846153848 0.028846153846153848
0 0.45072115384615385 0.1466346153846154 0.019230769230769232 0.03125
0 0.43149038461538464 0.15625 0.01201923076923077 0.02403846153846154
2 0.4387019230769231 0.16826923076923078 0.016826923076923076 0.026442307692307692
1 0.4519230769230769 0.19230769230769232 0.02403846153846154 0.026442307692307692