1 0.5673076923076923 0.4098557692307692 0.03365384615384615 0.08173076923076923
0 0.5432692307692307 0.6454326923076923 0.028846153846153848 0.052884615384615384
2 0.5096153846153846 0.6466346153846154 0.04326923076923077 0.057692307692307696
0 0.4963942307692308 0.6033653846153846 0.03365384615384615 0.04326923076923077
1 0.4879807692307692 0.6862980769230769 0.040865384615384616 0.04807692307692308
0 0.42427884615384615 0.22716346153846154 0.038461538461538464 0.04807692307692308
0 0.4026442307692308 0.3016826923076923 0.03125 0.038461538461538464
2 0.38822115384615385 0.24639423076923078 0.04807692307692308 0.06009615384615385
1 0.35697115384615385 0.21153846153846154 0.038461538461538464 0.07692307692307693
0 0.6322115384615384 0.4206730769230769 0.026442307692307692 0.0625
0 0.6081730769230769 0.3389423076923077 0.03365384615384615 0.05048076923076923
2 0.6045673076923077 0.3942307692307692 0.04326923076923077 0.057692307692307696