0 0.6286057692307693 0.4050480769230769 0.004807692307692308 0.014423076923076924
0 0.6262019230769231 0.4206730769230769 0.004807692307692308 0.004807692307692308
2 0.6225961538461539 0.4182692307692308 0.009615384615384616 0.01201923076923077
1 0.6129807692307693 0.4182692307692308 0.007211538461538462 0.014423076923076924
0 0.49278846153846156 0.3545673076923077 0.004807692307692308 0.009615384615384616
0 0.4891826923076923 0.328125 0.009615384615384616 0.021634615384615384
2 0.4831730769230769 0.35336538461538464 0.014423076923076924 0.021634615384615384
1 0.4579326923076923 0.3473557692307692 0.028846153846153848 0.026442307692307692
0 0.453125 0.7331730769230769 0.007211538461538462 0.019230769230769232
0 0.4519230769230769 0.7536057692307693 0.004807692307692308 0.007211538461538462
2 0.44471153846153844 0.7487980769230769 0.009615384615384616 0.016826923076923076
1 0.43028846153846156 0.7487980769230769 0.014423076923076924 0.019230769230769232