0 0.6887019230769231 0.47475961538461536 0.026442307692307692 0.02403846153846154
0 0.6826923076923077 0.43149038461538464 0.02403846153846154 0.028846153846153848
2 0.6634615384615384 0.453125 0.038461538461538464 0.02403846153846154
1 0.6237980769230769 0.4543269230769231 0.036057692307692304 0.036057692307692304
0 0.8846153846153846 0.34975961538461536 0.026442307692307692 0.019230769230769232
0 0.8798076923076923 0.38100961538461536 0.02403846153846154 0.014423076923076924
0 0.8713942307692307 0.2776442307692308 0.02403846153846154 0.019230769230769232
0 0.8677884615384616 0.23677884615384615 0.02403846153846154 0.02403846153846154
2 0.8665865384615384 0.3641826923076923 0.03365384615384615 0.019230769230769232
0 0.8629807692307693 0.5360576923076923 0.02403846153846154 0.02403846153846154
0 0.8629807692307693 0.5793269230769231 0.026442307692307692 0.02403846153846154
2 0.8485576923076923 0.2620192307692308 0.038461538461538464 0.02403846153846154
1 0.8365384615384616 0.3629807692307692 0.028846153846153848 0.03365384615384615
2 0.8365384615384616 0.5576923076923077 0.038461538461538464 0.028846153846153848
1 0.8125 0.2620192307692308 0.026442307692307692 0.028846153846153848
1 0.796875 0.5576923076923077 0.028846153846153848 0.03365384615384615