0 0.6092337524038461 0.7252300985576923 0.6106421322115385 0.7212198221153846 0.611557579326923 0.7164708125 0.6126138653846154 0.7098222043269231 0.6128955432692308 0.7029625240384616 0.6105717139423077 0.70064078125 0.6089520745192307 0.7001131153846154 0.60578321875 0.7018016490384615 0.6047973533653846 0.7056008629807693 0.6051494471153845 0.7112996682692307 0.6062057331730769 0.7175261466346154 0.6077117908653846 0.72428946875 0.6092337524038461 0.7252300985576923
0 0.6091633317307692 0.6776785360576922 0.6082478822115385 0.6777840673076923 0.6076141153846154 0.6782062019230769 0.6062057331730769 0.6789449423076923 0.6049381923076923 0.6787338701923077 0.6038114855769231 0.6792615384615384 0.6032481346153846 0.6813722091346153 0.604234 0.6855935504807692 0.6063465721153846 0.6886540240384615 0.6081774663461539 0.6878097524038461 0.6097266850961538 0.6852769543269231 0.6109238076923077 0.6818998774038462 0.6108788125 0.6787635576923077 0.6091633317307692 0.6776785360576922
2 0.6075337379807693 0.6942811225961538 0.6083146826923077 0.690477485576923 0.6069480384615384 0.689892295673077 0.6048004591346154 0.6890145432692307 0.6024576418269231 0.6881367668269232 0.5993338918269231 0.6852108822115385 0.5958196610576922 0.6843331081730769 0.5932816129807692 0.6846257139423078 0.5921102067307692 0.6878441826923076 0.59191496875 0.6939885384615384 0.5921102067307692 0.7007180841346153 0.5950387283653846 0.699255141826923 0.59835771875 0.6980847836538462 0.6022624110576923 0.6989625336538462 0.6067814110576923 0.6987705288461539 0.6075337379807693 0.6942811225961538
0 0.5945927139423077 0.45225892307692306 0.5940293629807692 0.44803758173076924 0.5938885240384615 0.44381624038461537 0.5937476850961538 0.4398059711538461 0.5929730769230769 0.4360067668269231 0.5919167908653846 0.4333684278846154 0.5909309230769231 0.43252415625 0.5898042211538461 0.43357949278846153 0.5888183533653846 0.43579569471153845 0.5881845793269231 0.43927830528846157 0.588255 0.44233877884615386 0.5886775144230769 0.44656012019230773 0.5911421802884615 0.4516257235576923 0.5932842572115384 0.45377318028846153 0.5945927139423077 0.45225892307692306
0 0.5905788293269231 0.41985134375000005 0.5912830192307692 0.41731853846153844 0.5914238581730769 0.41446913701923077 0.5912830192307692 0.4105643894230769 0.5911421802884615 0.40739838461538463 0.5905788293269231 0.4044434495192308 0.5904379903846154 0.40433791826923077 0.5893817043269232 0.40433791826923077 0.5879733245192308 0.40476004567307694 0.5869170384615384 0.4061319855769231 0.5860720096153846 0.40792605288461536 0.5853678197115385 0.4108809951923077 0.5852974014423077 0.41383593750000003 0.5860015913461538 0.41731853846153844 0.5888183533653846 0.4210122115384615 0.5905788293269231 0.41985134375000005
2 0.5849268653846154 0.43307665865384615 0.5863724639423077 0.4320656442307692 0.5876253173076923 0.4319212163461538 0.5887817980769231 0.4317767884615385 0.5909020120192308 0.43062134375 0.5909020120192308 0.42888818990384614 0.5903237716346154 0.42556629567307697 0.5902273966346153 0.42166669230769227 0.5889745456730769 0.42137783653846156 0.5847341177884615 0.42108897115384614 0.5825175312499999 0.4202223942307692 0.5808791850961538 0.41820037259615384 0.5799154519230769 0.4176226514423077 0.578084360576923 0.4176226514423077 0.5761568942307692 0.41805594471153845 0.5746149182692307 0.4197890985576923 0.5746149182692307 0.4232554206730769 0.5748076658653847 0.42686616826923074 0.5757713990384615 0.43033248798076923 0.5759641466346154 0.4336543822115385 0.5768315072115384 0.43712068990384617 0.5782771081730769 0.4392871394230769 0.5811683076923078 0.4385649903846154 0.583041733173077 0.4366580144230769 0.5849268653846154 0.43307665865384615
1 0.5873306346153846 0.7038553197115385 0.5885020408653846 0.6974183798076923 0.5886972788461539 0.6874703653846154 0.5857687596153845 0.6833741225961538 0.5824497668269231 0.6836667067307692 0.5758117860576923 0.6892258918269231 0.5781546033653846 0.6980035480769231 0.57991171875 0.7056108461538462 0.5838546346153847 0.7093802596153846 0.5873306346153846 0.7038553197115385
0 0.581041233173077 0.16482104807692308 0.58061871875 0.16154950240384616 0.5804778822115385 0.16070523798076924 0.5803370432692307 0.15468982211538462 0.5799849471153846 0.15215702403846154 0.5788582403846154 0.14877994711538461 0.577449860576923 0.14783014182692306 0.5757598052884615 0.1479356826923077 0.5742810048076923 0.1499408125 0.5743514254807692 0.1535289543269231 0.5747739374999999 0.1565894278846154 0.5768160913461539 0.16186610576923074 0.5793845576923077 0.16597023798076924 0.581041233173077 0.16482104807692308
0 0.5773794423076923 0.1349244014423077 0.5773794423076923 0.13439673557692308 0.5775906995192307 0.13165286538461538 0.5778723774038462 0.1292255889423077 0.5771681850961539 0.12848685817307692 0.5761823173076923 0.1285923894230769 0.5754077091346154 0.1292255889423077 0.5744218413461538 0.13017539423076924 0.573295139423077 0.13028092548076925 0.5727317860576924 0.13070306009615384 0.5722388533653846 0.132075 0.5722388533653846 0.1337635360576923 0.5722388533653846 0.13608526923076922 0.5733655576923077 0.13787934375 0.5754781274038462 0.13830148076923077 0.5771852379807693 0.1369392235576923 0.5773794423076923 0.1349244014423077
1 0.5726880360576924 0.44182332692307696 0.57190709375 0.43801966586538466 0.5715166298076924 0.4330456706730769 0.5713213918269231 0.4274864615384616 0.5701499855769231 0.4207569158653846 0.5683928701923077 0.4204643557692308 0.5656595889423077 0.42602351923076925 0.5646834158653846 0.4318752884615385 0.5674166971153846 0.4400677764423077 0.5713213918269231 0.4459195480769231 0.5726880360576924 0.44182332692307696
2 0.5735050913461538 0.1373409471153846 0.5711921298076923 0.1369076514423077 0.5686864254807692 0.13661879567307691 0.5665662043269231 0.13546335336538462 0.5638677596153846 0.1350300576923077 0.5625185312500001 0.13705206730769232 0.5618439206730769 0.14167384375 0.5621330408653846 0.14586230288461538 0.5634822644230769 0.15163949999999998 0.5650242403846154 0.15265051682692307 0.5675299375 0.15120621634615386 0.5691682932692308 0.14817318028846155 0.5714812499999999 0.14817318028846155 0.5754325576923077 0.14687331971153844 0.5754325576923077 0.14499572596153845 0.5753361826923077 0.14138496634615386 0.5749751466346154 0.13849528846153847 0.5735050913461538 0.1373409471153846
1 0.5603882524038462 0.15864716826923075 0.55999778125 0.15425834134615385 0.5596073100961538 0.15016207451923075 0.559412079326923 0.14489547115384616 0.5586311370192308 0.14109185576923078 0.5562883197115385 0.14109185576923078 0.5535550384615384 0.14518807692307692 0.5521883798076923 0.1510398485576923 0.5553121466346154 0.15923233653846153 0.5597083509615385 0.16352788221153844 0.5603882524038462 0.15864716826923075