1 0.3016826923076923 0.484375 0.028846153846153848 0.038461538461538464
0 0.21033653846153846 0.6574519230769231 0.02403846153846154 0.02403846153846154
0 0.21634615384615385 0.28365384615384615 0.02403846153846154 0.02403846153846154
0 0.21875 0.32091346153846156 0.02403846153846154 0.019230769230769232
0 0.2283653846153846 0.6225961538461539 0.02403846153846154 0.019230769230769232
2 0.23798076923076922 0.3016826923076923 0.038461538461538464 0.02403846153846154
0 0.24278846153846154 0.4795673076923077 0.019230769230769232 0.021634615384615384
2 0.2439903846153846 0.6430288461538461 0.036057692307692304 0.021634615384615384
0 0.2608173076923077 0.5108173076923077 0.02403846153846154 0.021634615384615384
2 0.2692307692307692 0.4891826923076923 0.036057692307692304 0.02403846153846154
1 0.2704326923076923 0.6502403846153846 0.03125 0.038461538461538464
1 0.2764423076923077 0.2980769230769231 0.028846153846153848 0.040865384615384616