0 0.5372596153846154 0.234375 0.04326923076923077 0.057692307692307696
1 0.34216034134615386 0.27441618509615384 0.3466020384615385 0.28599859375 0.3535817908653846 0.29572781249999996 0.3611960576923077 0.2989708894230769 0.37134842788461536 0.29619110096153844 0.3795972572115385 0.29016825240384614 0.3853079831730769 0.28460868990384613 0.3891151153846154 0.27719595673076924 0.3954603533653846 0.26931991346153844 0.39863297355769234 0.25912739663461537 0.4043436971153846 0.2480082764423077 0.40561272596153847 0.2387423485576923 0.3992674879807692 0.2257700721153846 0.39540519471153845 0.21658127644230768 0.3808662860576923 0.216504125 0.36690678125 0.22299027403846153 0.35738892307692305 0.2304030360576923 0.34914009375 0.24013224278846154 0.34533296153846155 0.2517146538461538 0.34216034134615386 0.2632970625 0.34216034134615386 0.27441618509615384
2 0.4252829543269231 0.30075021394230766 0.4386079951923077 0.2998236514423077 0.45637463221153846 0.2975071706730769 0.47414131971153844 0.2933374591346154 0.48873533894230764 0.2956539423076923 0.5077710528846153 0.29797042307692306 0.5179234735576923 0.29194757451923076 0.5223651201923076 0.28268164663461537 0.5223651201923076 0.27341571875 0.5090401298076923 0.2697093509615385 0.4969841682692308 0.2687827548076923 0.48429369230769226 0.26507638701923075 0.47287224278846157 0.2604434230769231 0.4646234615384615 0.2497876081730769 0.4541174471153846 0.2437841610576923 0.4398770216346154 0.24515464423076921 0.4309936802884616 0.25627374759615384 0.42337941346153846 0.2660029831730769 0.4208413076923077 0.27387902403846154 0.4183032019230769 0.28407153125 0.42020679326923077 0.2933374591346154 0.4252829543269231 0.30075021394230766
0 0.4963942307692308 0.328125 0.038461538461538464 0.052884615384615384
0 0.45072115384615385 0.49038461538461536 0.03365384615384615 0.052884615384615384
2 0.52046153125 0.5076758629807693 0.5065020264423077 0.5076758629807693 0.5007913004807693 0.5118455192307693 0.49127344471153844 0.5197215600961539 0.47921748076923076 0.5225013317307693 0.46398894711538463 0.5243545264423077 0.4506639086538462 0.5243545264423077 0.44495323317307695 0.530377375 0.44431867067307695 0.5396433028846154 0.44495323317307695 0.5484459423076923 0.4570091466346154 0.5521523100961538 0.47541034855769226 0.5535421947115384 0.49190795673076926 0.5549320817307692 0.5007913004807693 0.5595650456730769 0.5115782355769231 0.5628081225961539 0.523144014423077 0.5638521610576923 0.5306139495192308 0.5567852740384616 0.5331520072115384 0.5516890192307693 0.5350555985576924 0.5447395745192307 0.5394972451923077 0.5359369350961539 0.5363246274038461 0.5285241995192307 0.5331520072115384 0.516478483173077 0.5268067692307692 0.5095290360576923 0.52046153125 0.5076758629807693
1 0.5591675240384615 0.5604177716346154 0.56297465625 0.5696836995192307 0.5705889230769231 0.57709646875 0.58010678125 0.5729267956730769 0.5889901730769231 0.5645874447115384 0.5953354110576923 0.5548582283653846 0.5947008485576923 0.5451289927884615 0.5953354110576923 0.5359369350961539 0.5934318197115385 0.5228907692307693 0.587721048076923 0.5150147283653846 0.58074134375 0.5089918774038462 0.5756651322115385 0.5025057379807693 0.5674163028846154 0.5071387019230769 0.5623401418269232 0.516478483173077 0.5585329615384615 0.5224274807692308 0.5578984471153846 0.5335465841346154 0.5572639326923077 0.5428125120192308 0.5572639326923077 0.5530050360576924 0.5591675240384615 0.5604177716346154
0 0.44711538461538464 0.5829326923076923 0.03365384615384615 0.052884615384615384
0 0.4807692307692308 0.6983173076923077 0.03365384615384615 0.05048076923076923
2 0.49127344471153844 0.7456114711538462 0.49317703365384613 0.7386620264423077 0.49063893028846156 0.7288159711538462 0.4760448629807692 0.7274260673076923 0.46081632932692307 0.7246462956730769 0.44749128846153846 0.7237196995192308 0.43226275721153845 0.719086735576923 0.4252829543269231 0.7144537716346153 0.41893771634615384 0.7135271754807693 0.4094198581730769 0.7139904807692308 0.40053656490384615 0.7200133317307693 0.3954603533653846 0.7264994879807692 0.39292225000000003 0.7343755120192307 0.3941913269230769 0.7436414399038462 0.3941913269230769 0.7524441153846154 0.3954603533653846 0.7603201225961538 0.40175246394230774 0.7664268461538462 0.41068893509615384 0.7672695673076924 0.42464843990384615 0.7635631995192308 0.4341662980769231 0.758930235576923 0.45320201442307695 0.7553407235576923 0.46525797596153845 0.7530242427884615 0.47794845192307694 0.7530242427884615 0.4900044158653846 0.7544140937499999 0.49127344471153844 0.7456114711538462
1 0.34216034134615386 0.7709759711538461 0.3478710673076923 0.7825583629807693 0.3586579519230769 0.7793152668269231 0.36436867548076923 0.7728291274038461 0.3694448870192308 0.7635631995192308 0.3745210480769231 0.7547605961538462 0.37388653365384616 0.74503134375 0.3732520192307692 0.7371553028846154 0.375790125 0.7255728918269231 0.37515561057692304 0.7167702524038462 0.3656377524038461 0.7088942115384615 0.35811497836538464 0.7062332259615385 0.35104368509615386 0.708430920673077 0.34342941826923074 0.7158436562499999 0.33835320913461536 0.7241830072115385 0.33708418028846154 0.7334489350961538 0.3358151033653846 0.7422515552884617 0.3377186947115384 0.7547605961538462 0.34216034134615386 0.7709759711538461
0 0.48197115384615385 0.796875 0.038461538461538464 0.0625