0 0.7055288461538461 0.38100961538461536 0.019230769230769232 0.01201923076923077
0 0.6983173076923077 0.328125 0.02403846153846154 0.040865384615384616
0 0.6923076923076923 0.5168269230769231 0.016826923076923076 0.040865384615384616
0 0.6862980769230769 0.5625 0.014423076923076924 0.014423076923076924
2 0.6754807692307693 0.39302884615384615 0.04807692307692308 0.052884615384615384
2 0.6742788461538461 0.5480769230769231 0.03125 0.036057692307692304
1 0.6442307692307693 0.5396634615384616 0.019230769230769232 0.038461538461538464
1 0.6201923076923077 0.375 0.02403846153846154 0.04326923076923077
0 0.9567307692307693 0.8930288461538461 0.009615384615384616 0.014423076923076924
0 0.9507211538461539 0.8533653846153846 0.01201923076923077 0.028846153846153848
2 0.9435096153846154 0.8834134615384616 0.019230769230769232 0.028846153846153848
1 0.9242788461538461 0.8846153846153846 0.01201923076923077 0.036057692307692304
0 0.8846153846153846 0.4362980769230769 0.009615384615384616 0.019230769230769232
0 0.8834134615384616 0.46875 0.009615384615384616 0.004807692307692308
2 0.8725961538461539 0.45913461538461536 0.019230769230769232 0.014423076923076924
1 0.8521634615384616 0.45913461538461536 0.014423076923076924 0.028846153846153848