2 0.7271634615384616 0.7572115384615384 0.052884615384615384 0.028846153846153848
1 0.6694711538461539 0.7608173076923077 0.03365384615384615 0.04326923076923077
0 0.6586538461538461 0.15144230769230768 0.03125 0.03125
0 0.6574519230769231 0.3954326923076923 0.02403846153846154 0.028846153846153848
0 0.6526442307692307 0.35216346153846156 0.021634615384615384 0.02403846153846154
0 0.6490384615384616 0.203125 0.028846153846153848 0.028846153846153848
2 0.6310096153846154 0.17427884615384615 0.05048076923076923 0.026442307692307692
2 0.6298076923076923 0.3701923076923077 0.040865384615384616 0.02403846153846154
1 0.5913461538461539 0.3737980769230769 0.03125 0.038461538461538464
1 0.5805288461538461 0.17307692307692307 0.038461538461538464 0.036057692307692304
0 0.5552884615384616 0.6430288461538461 0.026442307692307692 0.03365384615384615
0 0.5516826923076923 0.6069711538461539 0.02403846153846154 0.021634615384615384
2 0.5216346153846154 0.6237980769230769 0.04567307692307692 0.028846153846153848
1 0.48197115384615385 0.6334134615384616 0.03365384615384615 0.038461538461538464
0 0.7680288461538461 0.7908653846153846 0.038461538461538464 0.038461538461538464
0 0.7596153846153846 0.7512019230769231 0.03365384615384615 0.021634615384615384