0 0.6790865384615384 0.46033653846153844 0.019230769230769232 0.014423076923076924
0 0.6766826923076923 0.484375 0.019230769230769232 0.021634615384615384
0 0.6646634615384616 0.2668269230769231 0.016826923076923076 0.02403846153846154
0 0.6634615384615384 0.3004807692307692 0.014423076923076924 0.014423076923076924
2 0.6622596153846154 0.4675480769230769 0.03365384615384615 0.019230769230769232
0 0.65625 0.7463942307692307 0.016826923076923076 0.019230769230769232
0 0.6526442307692307 0.7223557692307693 0.014423076923076924 0.014423076923076924
2 0.6466346153846154 0.28725961538461536 0.028846153846153848 0.019230769230769232
2 0.6382211538461539 0.7307692307692307 0.028846153846153848 0.016826923076923076
1 0.6310096153846154 0.4699519230769231 0.014423076923076924 0.02403846153846154
1 0.6189903846153846 0.2824519230769231 0.02403846153846154 0.03365384615384615
1 0.6129807692307693 0.734375 0.019230769230769232 0.02403846153846154