0 0.5276442307692307 0.29927884615384615 0.016826923076923076 0.009615384615384616
0 0.5036057692307693 0.30288461538461536 0.014423076923076924 0.009615384615384616
2 0.515625 0.3088942307692308 0.014423076923076924 0.009615384615384616
0 0.31971153846153844 0.47475961538461536 0.019230769230769232 0.014423076923076924
0 0.3605769230769231 0.47475961538461536 0.021634615384615384 0.009615384615384616
2 0.3401442307692308 0.484375 0.021634615384615384 0.019230769230769232
1 0.33774038461538464 0.5 0.04326923076923077 0.014423076923076924
0 0.5060096153846154 0.6057692307692307 0.021634615384615384 0.014423076923076924
0 0.5360576923076923 0.6069711538461539 0.019230769230769232 0.009615384615384616
2 0.5216346153846154 0.6153846153846154 0.019230769230769232 0.014423076923076924
1 0.5192307692307693 0.6274038461538461 0.026442307692307692 0.007211538461538462