0 0.6189903846153846 0.36538461538461536 0.02403846153846154 0.02403846153846154
0 0.5829326923076923 0.3858173076923077 0.02403846153846154 0.02403846153846154
2 0.609375 0.40625 0.02403846153846154 0.05048076923076923
0 0.5516826923076923 0.5372596153846154 0.014423076923076924 0.02403846153846154
0 0.7307692307692307 0.5408653846153846 0.02403846153846154 0.028846153846153848
0 0.5132211538461539 0.5576923076923077 0.02403846153846154 0.019230769230769232
0 0.6899038461538461 0.5588942307692307 0.016826923076923076 0.02403846153846154
2 0.5384615384615384 0.5697115384615384 0.02403846153846154 0.04807692307692308
2 0.7139423076923077 0.5757211538461539 0.02403846153846154 0.05048076923076923
1 0.5360576923076923 0.6105769230769231 0.03365384615384615 0.026442307692307692
1 0.7235576923076923 0.6117788461538461 0.03365384615384615 0.036057692307692304