1 0.6826923076923077 0.35216346153846156 0.03365384615384615 0.02403846153846154
0 0.5540865384615384 0.45072115384615385 0.009615384615384616 0.014423076923076924
0 0.5252403846153846 0.4675480769230769 0.021634615384615384 0.019230769230769232
2 0.5420673076923077 0.4807692307692308 0.019230769230769232 0.03365384615384615
1 0.5336538461538461 0.5120192307692307 0.02403846153846154 0.016826923076923076
0 0.39663461538461536 0.15384615384615385 0.021634615384615384 0.019230769230769232
2 0.4098557692307692 0.19110576923076922 0.026442307692307692 0.04807692307692308
1 0.390625 0.22716346153846154 0.026442307692307692 0.021634615384615384
0 0.6706730769230769 0.2980769230769231 0.019230769230769232 0.014423076923076924
0 0.7055288461538461 0.3161057692307692 0.019230769230769232 0.014423076923076924
2 0.6814903846153846 0.3317307692307692 0.019230769230769232 0.038461538461538464