0 0.765625 0.4579326923076923 0.021634615384615384 0.04326923076923077
0 0.7608173076923077 0.6454326923076923 0.019230769230769232 0.04326923076923077
0 0.7560096153846154 0.7223557692307693 0.019230769230769232 0.04807692307692308
0 0.7524038461538461 0.5372596153846154 0.019230769230769232 0.05048076923076923
2 0.7415865384615384 0.48677884615384615 0.036057692307692304 0.04326923076923077
2 0.7379807692307693 0.6742788461538461 0.03365384615384615 0.05048076923076923
1 0.7151442307692307 0.6730769230769231 0.02403846153846154 0.07211538461538461
1 0.7079326923076923 0.4807692307692308 0.036057692307692304 0.08173076923076923
0 0.6778846153846154 0.32091346153846156 0.02403846153846154 0.036057692307692304
0 0.6598557692307693 0.25721153846153844 0.02403846153846154 0.052884615384615384
2 0.6538461538461539 0.31490384615384615 0.03365384615384615 0.052884615384615384
1 0.6286057692307693 0.32091346153846156 0.03365384615384615 0.07692307692307693