0 0.28966346153846156 0.734375 0.016826923076923076 0.009615384615384616
0 0.29927884615384615 0.3545673076923077 0.009615384615384616 0.009615384615384616
0 0.30528846153846156 0.3317307692307692 0.009615384615384616 0.014423076923076924
2 0.3088942307692308 0.7307692307692307 0.02403846153846154 0.009615384615384616
2 0.31850961538461536 0.3473557692307692 0.02403846153846154 0.014423076923076924
1 0.3317307692307692 0.7367788461538461 0.019230769230769232 0.009615384615384616
1 0.33533653846153844 0.3449519230769231 0.014423076923076924 0.016826923076923076
0 0.35096153846153844 0.5276442307692307 0.014423076923076924 0.014423076923076924
0 0.3545673076923077 0.5492788461538461 0.014423076923076924 0.014423076923076924
0 0.359375 0.6742788461538461 0.014423076923076924 0.01201923076923077
2 0.36658653846153844 0.5372596153846154 0.02403846153846154 0.014423076923076924
0 0.3701923076923077 0.6598557692307693 0.014423076923076924 0.009615384615384616
2 0.3786057692307692 0.6682692307692307 0.02403846153846154 0.014423076923076924
1 0.3870192307692308 0.5348557692307693 0.016826923076923076 0.02403846153846154
1 0.39302884615384615 0.6754807692307693 0.019230769230769232 0.014423076923076924