0 0.2920673076923077 0.5264423076923077 0.004807692307692308 0.002403846153846154
0 0.2932692307692308 0.5228365384615384 0.004807692307692308 0.002403846153846154
2 0.29447115384615385 0.5252403846153846 0.004807692307692308 0.002403846153846154
1 0.2980769230769231 0.5252403846153846 0.002403846153846154 0.004807692307692308
0 0.34375 0.5504807692307693 0.009615384615384616 0.014423076923076924
0 0.34975961538461536 0.5745192307692307 0.009615384615384616 0.014423076923076924
0 0.35336538461538464 0.6935096153846154 0.01201923076923077 0.016826923076923076
0 0.3581730769230769 0.1778846153846154 0.009615384615384616 0.016826923076923076
2 0.3581730769230769 0.5600961538461539 0.019230769230769232 0.016826923076923076
0 0.359375 0.20432692307692307 0.01201923076923077 0.014423076923076924
0 0.3605769230769231 0.71875 0.01201923076923077 0.014423076923076924
2 0.36778846153846156 0.18990384615384615 0.02403846153846154 0.021634615384615384
2 0.3701923076923077 0.703125 0.028846153846153848 0.019230769230769232
0 0.3713942307692308 0.38461538461538464 0.009615384615384616 0.01201923076923077
1 0.37740384615384615 0.5564903846153846 0.019230769230769232 0.028846153846153848
0 0.3786057692307692 0.3581730769230769 0.01201923076923077 0.014423076923076924
2 0.38822115384615385 0.3737980769230769 0.02403846153846154 0.016826923076923076
1 0.39302884615384615 0.6959134615384616 0.014423076923076924 0.02403846153846154
1 0.39302884615384615 0.18870192307692307 0.019230769230769232 0.036057692307692304
1 0.40625 0.375 0.009615384615384616 0.028846153846153848