0 0.7247596153846154 0.2644230769230769 0.014423076923076924 0.028846153846153848
0 0.7139423076923077 0.3076923076923077 0.016826923076923076 0.026442307692307692
2 0.7067307692307693 0.28125 0.026442307692307692 0.03365384615384615
1 0.6862980769230769 0.2644230769230769 0.019230769230769232 0.038461538461538464
0 0.6213942307692307 0.9002403846153846 0.014423076923076924 0.028846153846153848
0 0.6201923076923077 0.953125 0.016826923076923076 0.038461538461538464
0 0.6105769230769231 0.5492788461538461 0.016826923076923076 0.03365384615384615
0 0.6105769230769231 0.49038461538461536 0.014423076923076924 0.028846153846153848
2 0.6081730769230769 0.9146634615384616 0.02403846153846154 0.04326923076923077
2 0.5949519230769231 0.5192307692307693 0.026442307692307692 0.04807692307692308
1 0.578125 0.921875 0.028846153846153848 0.055288461538461536
1 0.5721153846153846 0.5192307692307693 0.019230769230769232 0.04567307692307692