0 0.32091346153846156 0.5396634615384616 0.019230769230769232 0.014423076923076924
0 0.3233173076923077 0.515625 0.019230769230769232 0.021634615384615384
0 0.33533653846153844 0.7331730769230769 0.016826923076923076 0.02403846153846154
0 0.33653846153846156 0.6995192307692307 0.014423076923076924 0.014423076923076924
2 0.33774038461538464 0.5324519230769231 0.03365384615384615 0.019230769230769232
0 0.34375 0.2536057692307692 0.016826923076923076 0.019230769230769232
0 0.3473557692307692 0.2776442307692308 0.014423076923076924 0.014423076923076924
2 0.35336538461538464 0.7127403846153846 0.028846153846153848 0.019230769230769232
2 0.36177884615384615 0.2692307692307692 0.028846153846153848 0.016826923076923076
1 0.36899038461538464 0.5300480769230769 0.014423076923076924 0.02403846153846154
1 0.38100961538461536 0.7175480769230769 0.02403846153846154 0.03365384615384615
1 0.3870192307692308 0.265625 0.019230769230769232 0.02403846153846154