0 0.47475961538461536 0.3112980769230769 0.02403846153846154 0.026442307692307692
0 0.43149038461538464 0.3173076923076923 0.028846153846153848 0.02403846153846154
2 0.453125 0.33653846153846156 0.02403846153846154 0.038461538461538464
1 0.4543269230769231 0.3762019230769231 0.036057692307692304 0.036057692307692304
0 0.34975961538461536 0.11538461538461539 0.019230769230769232 0.026442307692307692
0 0.38100961538461536 0.1201923076923077 0.014423076923076924 0.02403846153846154
0 0.2776442307692308 0.12860576923076922 0.019230769230769232 0.02403846153846154
0 0.23677884615384615 0.13221153846153846 0.02403846153846154 0.02403846153846154
2 0.3641826923076923 0.13341346153846154 0.019230769230769232 0.03365384615384615
0 0.5360576923076923 0.13701923076923078 0.02403846153846154 0.02403846153846154
0 0.5793269230769231 0.13701923076923078 0.02403846153846154 0.026442307692307692
2 0.2620192307692308 0.15144230769230768 0.02403846153846154 0.038461538461538464
1 0.3629807692307692 0.16346153846153846 0.03365384615384615 0.028846153846153848
2 0.5576923076923077 0.16346153846153846 0.028846153846153848 0.038461538461538464
1 0.2620192307692308 0.1875 0.028846153846153848 0.026442307692307692
1 0.5576923076923077 0.203125 0.03365384615384615 0.028846153846153848