0 0.3762019230769231 0.4519230769230769 0.019230769230769232 0.021634615384615384
0 0.3786057692307692 0.49158653846153844 0.021634615384615384 0.026442307692307692
2 0.39783653846153844 0.46875 0.036057692307692304 0.019230769230769232
0 0.4050480769230769 0.7019230769230769 0.019230769230769232 0.02403846153846154
0 0.4182692307692308 0.6634615384615384 0.019230769230769232 0.019230769230769232
2 0.43028846153846156 0.6826923076923077 0.03365384615384615 0.02403846153846154
1 0.44471153846153844 0.4675480769230769 0.038461538461538464 0.028846153846153848
1 0.46274038461538464 0.6899038461538461 0.028846153846153848 0.038461538461538464
0 0.484375 0.15745192307692307 0.01201923076923077 0.01201923076923077
0 0.4879807692307692 0.13221153846153846 0.009615384615384616 0.01201923076923077
2 0.5 0.14783653846153846 0.021634615384615384 0.01201923076923077
0 0.5036057692307693 0.9098557692307693 0.014423076923076924 0.014423076923076924
0 0.5108173076923077 0.8846153846153846 0.014423076923076924 0.009615384615384616
2 0.5216346153846154 0.8966346153846154 0.02403846153846154 0.014423076923076924
1 0.5240384615384616 0.14903846153846154 0.019230769230769232 0.028846153846153848
1 0.5444711538461539 0.9026442307692307 0.019230769230769232 0.02403846153846154