0 0.7007211538461539 0.5276442307692307 0.009615384615384616 0.016826923076923076
0 0.6971153846153846 0.5036057692307693 0.009615384615384616 0.014423076923076924
2 0.6911057692307693 0.515625 0.009615384615384616 0.014423076923076924
0 0.5252403846153846 0.31971153846153844 0.014423076923076924 0.019230769230769232
0 0.5252403846153846 0.3605769230769231 0.009615384615384616 0.021634615384615384
2 0.515625 0.3401442307692308 0.019230769230769232 0.021634615384615384
1 0.5 0.33774038461538464 0.014423076923076924 0.04326923076923077
0 0.3942307692307692 0.5060096153846154 0.014423076923076924 0.021634615384615384
0 0.39302884615384615 0.5360576923076923 0.009615384615384616 0.019230769230769232
2 0.38461538461538464 0.5216346153846154 0.014423076923076924 0.019230769230769232
1 0.37259615384615385 0.5192307692307693 0.007211538461538462 0.026442307692307692