0 0.6862980769230769 0.6262019230769231 0.021634615384615384 0.021634615384615384
0 0.6802884615384616 0.6610576923076923 0.019230769230769232 0.019230769230769232
2 0.6598557692307693 0.6454326923076923 0.038461538461538464 0.02403846153846154
1 0.6334134615384616 0.6394230769230769 0.03365384615384615 0.04326923076923077
0 0.6117788461538461 0.5072115384615384 0.028846153846153848 0.02403846153846154
0 0.5997596153846154 0.5384615384615384 0.026442307692307692 0.019230769230769232
2 0.5853365384615384 0.5240384615384616 0.03365384615384615 0.019230769230769232
1 0.5552884615384616 0.5144230769230769 0.03365384615384615 0.036057692307692304
0 0.5072115384615384 0.46634615384615385 0.02403846153846154 0.02403846153846154
2 0.4831730769230769 0.4519230769230769 0.040865384615384616 0.028846153846153848
1 0.44471153846153844 0.4579326923076923 0.036057692307692304 0.036057692307692304
0 0.4338942307692308 0.4182692307692308 0.03365384615384615 0.03125
0 0.40024038461538464 0.36658653846153844 0.036057692307692304 0.03365384615384615
2 0.3798076923076923 0.4014423076923077 0.06490384615384616 0.038461538461538464
1 0.33774038461538464 0.40865384615384615 0.03365384615384615 0.04807692307692308