0 0.2824519230769231 0.4411057692307692 0.02403846153846154 0.028846153846153848
0 0.2824519230769231 0.484375 0.026442307692307692 0.028846153846153848
2 0.3088942307692308 0.46274038461538464 0.052884615384615384 0.03365384615384615
1 0.3485576923076923 0.4651442307692308 0.038461538461538464 0.04807692307692308
0 0.359375 0.3137019230769231 0.03125 0.028846153846153848
0 0.36177884615384615 0.3581730769230769 0.03365384615384615 0.02403846153846154
2 0.3858173076923077 0.33533653846153844 0.05048076923076923 0.02403846153846154
1 0.42788461538461536 0.3317307692307692 0.036057692307692304 0.04326923076923077
0 0.47836538461538464 0.5600961538461539 0.03125 0.028846153846153848
0 0.4879807692307692 0.5288461538461539 0.03365384615384615 0.019230769230769232
2 0.5120192307692307 0.5396634615384616 0.06009615384615385 0.036057692307692304
0 0.5372596153846154 0.24158653846153846 0.021634615384615384 0.028846153846153848
0 0.5600961538461539 0.19831730769230768 0.02403846153846154 0.02403846153846154
1 0.5673076923076923 0.5612980769230769 0.04807692307692308 0.04807692307692308
2 0.5685096153846154 0.22716346153846154 0.04567307692307692 0.028846153846153848
1 0.6069711538461539 0.23317307692307693 0.038461538461538464 0.04326923076923077
0 0.17668269230769232 0.6045673076923077 0.02403846153846154 0.026442307692307692
0 0.19831730769230768 0.5697115384615384 0.028846153846153848 0.02403846153846154
2 0.21394230769230768 0.5889423076923077 0.04807692307692308 0.028846153846153848
1 0.24158653846153846 0.6057692307692307 0.04326923076923077 0.036057692307692304