0 0.6778846153846154 0.21033653846153846 0.04326923076923077 0.05048076923076923
0 0.6550480769230769 0.3004807692307692 0.04326923076923077 0.04807692307692308
2 0.6117788461538461 0.25721153846153844 0.08173076923076923 0.0673076923076923
0 0.6117788461538461 0.6322115384615384 0.04326923076923077 0.04567307692307692
0 0.6057692307692307 0.44591346153846156 0.052884615384615384 0.04807692307692308
0 0.5997596153846154 0.5216346153846154 0.04807692307692308 0.05048076923076923
0 0.5985576923076923 0.6959134615384616 0.04326923076923077 0.04326923076923077
2 0.5588942307692307 0.6694711538461539 0.06490384615384616 0.04326923076923077
2 0.5588942307692307 0.484375 0.08173076923076923 0.04807692307692308
1 0.5396634615384616 0.24879807692307693 0.0625 0.09615384615384616
1 0.5060096153846154 0.65625 0.06009615384615385 0.0673076923076923
0 0.49158653846153844 0.8774038461538461 0.04326923076923077 0.04326923076923077
1 0.4891826923076923 0.4807692307692308 0.052884615384615384 0.08173076923076923
0 0.4879807692307692 0.8028846153846154 0.038461538461538464 0.038461538461538464
2 0.4483173076923077 0.8401442307692307 0.055288461538461536 0.04326923076923077
1 0.39903846153846156 0.8389423076923077 0.038461538461538464 0.07211538461538461