0 0.765625 0.5372596153846154 0.057692307692307696 0.04326923076923077
1 0.7255838149038462 0.34216034134615386 0.71400140625 0.3466020384615385 0.7042721875000001 0.3535817908653846 0.7010291105769231 0.3611960576923077 0.7038088990384614 0.37134842788461536 0.7098317475961539 0.3795972572115385 0.7153913100961538 0.3853079831730769 0.7228040432692308 0.3891151153846154 0.7306800865384615 0.3954603533653846 0.7408726033653846 0.39863297355769234 0.7519917235576923 0.4043436971153846 0.7612576514423076 0.40561272596153847 0.7742299278846154 0.3992674879807692 0.7834187235576924 0.39540519471153845 0.783495875 0.3808662860576923 0.7770097259615384 0.36690678125 0.7695969639423077 0.35738892307692305 0.7598677572115384 0.34914009375 0.7482853461538461 0.34533296153846155 0.7367029374999999 0.34216034134615386 0.7255838149038462 0.34216034134615386
2 0.6992497860576923 0.4252829543269231 0.7001763485576924 0.4386079951923077 0.702492829326923 0.45637463221153846 0.7066625408653846 0.47414131971153844 0.7043460576923077 0.48873533894230764 0.702029576923077 0.5077710528846153 0.7080524254807692 0.5179234735576923 0.7173183533653845 0.5223651201923076 0.72658428125 0.5223651201923076 0.7302906490384615 0.5090401298076923 0.7312172451923077 0.4969841682692308 0.7349236129807692 0.48429369230769226 0.7395565769230769 0.47287224278846157 0.750212391826923 0.4646234615384615 0.7562158389423076 0.4541174471153846 0.7548453557692307 0.4398770216346154 0.7437262524038462 0.4309936802884616 0.7339970168269231 0.42337941346153846 0.7261209759615385 0.4208413076923077 0.7159284687499999 0.4183032019230769 0.7066625408653846 0.42020679326923077 0.6992497860576923 0.4252829543269231
0 0.671875 0.4963942307692308 0.052884615384615384 0.038461538461538464
0 0.5096153846153846 0.45072115384615385 0.052884615384615384 0.03365384615384615
2 0.4923241370192307 0.52046153125 0.4923241370192307 0.5065020264423077 0.48815448076923074 0.5007913004807693 0.4802784399038461 0.49127344471153844 0.47749866826923076 0.47921748076923076 0.4756454735576923 0.46398894711538463 0.4756454735576923 0.4506639086538462 0.469622625 0.44495323317307695 0.4603566971153846 0.44431867067307695 0.45155405769230766 0.44495323317307695 0.44784768990384616 0.4570091466346154 0.4464578052884616 0.47541034855769226 0.4450679182692308 0.49190795673076926 0.4404349543269231 0.5007913004807693 0.4371918774038462 0.5115782355769231 0.4361478389423077 0.523144014423077 0.4432147259615385 0.5306139495192308 0.44831098076923076 0.5331520072115384 0.4552604254807692 0.5350555985576924 0.46406306490384613 0.5394972451923077 0.47147580048076926 0.5363246274038461 0.48352151682692307 0.5331520072115384 0.4904709639423077 0.5268067692307692 0.4923241370192307 0.52046153125
1 0.43958222836538463 0.5591675240384615 0.43031630048076924 0.56297465625 0.42290353124999996 0.5705889230769231 0.4270732043269231 0.58010678125 0.4354125552884615 0.5889901730769231 0.4451417716346154 0.5953354110576923 0.45487100721153845 0.5947008485576923 0.46406306490384613 0.5953354110576923 0.4771092307692308 0.5934318197115385 0.48498527163461536 0.587721048076923 0.49100812259615384 0.58074134375 0.4974942620192308 0.5756651322115385 0.4928612980769231 0.5674163028846154 0.48352151682692307 0.5623401418269232 0.4775725192307692 0.5585329615384615 0.46645341586538464 0.5578984471153846 0.45718748798076925 0.5572639326923077 0.4469949639423077 0.5572639326923077 0.43958222836538463 0.5591675240384615
0 0.4170673076923077 0.44711538461538464 0.052884615384615384 0.03365384615384615
0 0.3016826923076923 0.4807692307692308 0.05048076923076923 0.03365384615384615
2 0.2543885288461538 0.49127344471153844 0.2613379735576923 0.49317703365384613 0.27118402884615384 0.49063893028846156 0.2725739326923077 0.4760448629807692 0.2753537043269231 0.46081632932692307 0.27628030048076924 0.44749128846153846 0.2809132644230769 0.43226275721153845 0.2855462283653846 0.4252829543269231 0.2864728245192308 0.41893771634615384 0.2860095192307692 0.4094198581730769 0.27998666826923074 0.40053656490384615 0.27350051201923076 0.3954603533653846 0.2656244879807692 0.39292225000000003 0.2563585600961539 0.3941913269230769 0.24755588461538464 0.3941913269230769 0.23967987740384616 0.3954603533653846 0.23357315384615385 0.40175246394230774 0.2327304326923077 0.41068893509615384 0.23643680048076923 0.42464843990384615 0.24106976442307693 0.4341662980769231 0.2446592764423077 0.45320201442307695 0.24697575721153847 0.46525797596153845 0.24697575721153847 0.47794845192307694 0.24558590624999999 0.4900044158653846 0.2543885288461538 0.49127344471153844
1 0.22902402884615383 0.34216034134615386 0.21744163701923075 0.3478710673076923 0.22068473317307694 0.3586579519230769 0.22717087259615384 0.36436867548076923 0.23643680048076923 0.3694448870192308 0.24523940384615386 0.3745210480769231 0.25496865625000004 0.37388653365384616 0.2628446971153846 0.3732520192307692 0.2744271081730769 0.375790125 0.2832297475961539 0.37515561057692304 0.29110578846153845 0.3656377524038461 0.2937667740384616 0.35811497836538464 0.2915690793269231 0.35104368509615386 0.28415634375 0.34342941826923074 0.27581699278846156 0.33835320913461536 0.26655106490384617 0.33708418028846154 0.25774844471153846 0.3358151033653846 0.24523940384615386 0.3377186947115384 0.22902402884615383 0.34216034134615386
0 0.203125 0.48197115384615385 0.0625 0.038461538461538464