1 0.35216346153846156 0.3173076923076923 0.02403846153846154 0.03365384615384615
0 0.45072115384615385 0.44591346153846156 0.014423076923076924 0.009615384615384616
0 0.4675480769230769 0.47475961538461536 0.019230769230769232 0.021634615384615384
2 0.4807692307692308 0.4579326923076923 0.03365384615384615 0.019230769230769232
1 0.5120192307692307 0.46634615384615385 0.016826923076923076 0.02403846153846154
0 0.15384615384615385 0.6033653846153846 0.019230769230769232 0.021634615384615384
2 0.19110576923076922 0.5901442307692307 0.04807692307692308 0.026442307692307692
1 0.22716346153846154 0.609375 0.021634615384615384 0.026442307692307692
0 0.2980769230769231 0.3293269230769231 0.014423076923076924 0.019230769230769232
0 0.3161057692307692 0.29447115384615385 0.014423076923076924 0.019230769230769232
2 0.3317307692307692 0.31850961538461536 0.038461538461538464 0.019230769230769232