0 0.25600961538461536 0.30408653846153844 0.026442307692307692 0.019230769230769232
2 0.28846153846153844 0.31490384615384615 0.04326923076923077 0.02403846153846154
1 0.3161057692307692 0.2980769230769231 0.038461538461538464 0.02403846153846154
0 0.40384615384615385 0.7896634615384616 0.02403846153846154 0.019230769230769232
0 0.4206730769230769 0.8161057692307693 0.028846153846153848 0.02403846153846154
2 0.4362980769230769 0.7944711538461539 0.03365384615384615 0.028846153846153848
1 0.4651442307692308 0.7932692307692307 0.028846153846153848 0.028846153846153848
0 0.1466346153846154 0.5492788461538461 0.03125 0.019230769230769232
0 0.15625 0.5685096153846154 0.02403846153846154 0.01201923076923077
2 0.16826923076923078 0.5612980769230769 0.026442307692307692 0.016826923076923076
1 0.19230769230769232 0.5480769230769231 0.026442307692307692 0.02403846153846154