0 0.32572115384615385 0.421875 0.0625 0.04807692307692308
0 0.44350961538461536 0.4338942307692308 0.0673076923076923 0.04326923076923077
0 0.8701923076923077 0.45072115384615385 0.0625 0.052884615384615384
2 0.37740384615384615 0.49158653846153844 0.0673076923076923 0.10576923076923077
0 0.9603365384615384 0.4963942307692308 0.052884615384615384 0.04326923076923077
2 0.9038461538461539 0.5252403846153846 0.06009615384615385 0.09375
0 0.6213942307692307 0.5612980769230769 0.057692307692307696 0.04567307692307692
0 0.7163461538461539 0.5745192307692307 0.057692307692307696 0.055288461538461536
1 0.3762019230769231 0.5805288461538461 0.12980769230769232 0.08413461538461539
1 0.8774038461538461 0.6201923076923077 0.10576923076923077 0.125
2 0.6598557692307693 0.6346153846153846 0.057692307692307696 0.10576923076923077
1 0.6538461538461539 0.71875 0.10576923076923077 0.08653846153846154
0 0.47596153846153844 0.15264423076923078 0.04326923076923077 0.04807692307692308
0 0.5552884615384616 0.16947115384615385 0.04326923076923077 0.04326923076923077
2 0.5192307692307693 0.1778846153846154 0.04326923076923077 0.06009615384615385
1 0.5252403846153846 0.24519230769230768 0.0625 0.04567307692307692