0 0.6189903846153846 0.29447115384615385 0.01201923076923077 0.019230769230769232
0 0.671875 0.3016826923076923 0.040865384615384616 0.02403846153846154
0 0.4831730769230769 0.3076923076923077 0.040865384615384616 0.016826923076923076
0 0.4375 0.3137019230769231 0.014423076923076924 0.014423076923076924
2 0.6069711538461539 0.3245192307692308 0.052884615384615384 0.04807692307692308
2 0.4519230769230769 0.32572115384615385 0.036057692307692304 0.03125
1 0.46033653846153844 0.3557692307692308 0.038461538461538464 0.019230769230769232
1 0.625 0.3798076923076923 0.04326923076923077 0.02403846153846154
0 0.10697115384615384 0.04326923076923077 0.014423076923076924 0.009615384615384616
0 0.1466346153846154 0.04927884615384615 0.028846153846153848 0.01201923076923077
2 0.11658653846153846 0.056490384615384616 0.028846153846153848 0.019230769230769232
1 0.11538461538461539 0.07572115384615384 0.036057692307692304 0.01201923076923077
0 0.5637019230769231 0.11538461538461539 0.019230769230769232 0.009615384615384616
0 0.53125 0.11658653846153846 0.004807692307692308 0.009615384615384616
2 0.5408653846153846 0.12740384615384615 0.014423076923076924 0.019230769230769232
1 0.5408653846153846 0.14783653846153846 0.028846153846153848 0.014423076923076924