0 0.5288461538461539 0.5252403846153846 0.04807692307692308 0.052884615384615384
0 0.5276442307692307 0.4230769230769231 0.04567307692307692 0.052884615384615384
0 0.4963942307692308 0.30408653846153844 0.04326923076923077 0.05048076923076923
0 0.48197115384615385 0.2091346153846154 0.040865384615384616 0.04807692307692308
2 0.47596153846153844 0.47475961538461536 0.09375 0.0673076923076923
0 0.4483173076923077 0.6706730769230769 0.04807692307692308 0.052884615384615384
2 0.43149038461538464 0.26322115384615385 0.09615384615384616 0.04807692307692308
0 0.4170673076923077 0.7764423076923077 0.04326923076923077 0.055288461538461536
2 0.37740384615384615 0.7163461538461539 0.09615384615384616 0.057692307692307696
1 0.36899038461538464 0.4723557692307692 0.0625 0.07692307692307693
1 0.3425480769230769 0.2704326923076923 0.052884615384615384 0.0673076923076923
1 0.28125 0.7115384615384616 0.052884615384615384 0.07211538461538461