1 0.6478365384615384 0.6826923076923077 0.02403846153846154 0.03365384615384615
0 0.5492788461538461 0.5540865384615384 0.014423076923076924 0.009615384615384616
0 0.5324519230769231 0.5252403846153846 0.019230769230769232 0.021634615384615384
2 0.5192307692307693 0.5420673076923077 0.03365384615384615 0.019230769230769232
1 0.4879807692307692 0.5336538461538461 0.016826923076923076 0.02403846153846154
0 0.8461538461538461 0.39663461538461536 0.019230769230769232 0.021634615384615384
2 0.8088942307692307 0.4098557692307692 0.04807692307692308 0.026442307692307692
1 0.7728365384615384 0.390625 0.021634615384615384 0.026442307692307692
0 0.7019230769230769 0.6706730769230769 0.014423076923076924 0.019230769230769232
0 0.6838942307692307 0.7055288461538461 0.014423076923076924 0.019230769230769232
2 0.6682692307692307 0.6814903846153846 0.038461538461538464 0.019230769230769232