1 0.6983173076923077 0.515625 0.028846153846153848 0.038461538461538464
0 0.7896634615384616 0.3425480769230769 0.02403846153846154 0.02403846153846154
0 0.7836538461538461 0.7163461538461539 0.02403846153846154 0.02403846153846154
0 0.78125 0.6790865384615384 0.02403846153846154 0.019230769230769232
0 0.7716346153846154 0.37740384615384615 0.02403846153846154 0.019230769230769232
2 0.7620192307692307 0.6983173076923077 0.038461538461538464 0.026442307692307692
0 0.7572115384615384 0.5204326923076923 0.019230769230769232 0.021634615384615384
2 0.7560096153846154 0.35697115384615385 0.036057692307692304 0.021634615384615384
0 0.7391826923076923 0.4891826923076923 0.02403846153846154 0.021634615384615384
2 0.7307692307692307 0.5108173076923077 0.036057692307692304 0.02403846153846154
1 0.7295673076923077 0.34975961538461536 0.03125 0.038461538461538464
1 0.7235576923076923 0.7019230769230769 0.028846153846153848 0.040865384615384616