0 0.6126138653846154 0.29017779567307694 0.611557579326923 0.2835291875 0.6106421322115385 0.2787801778846154 0.6092337524038461 0.2747699014423077 0.6077117908653846 0.27571053125 0.6062057331730769 0.2824738533653846 0.6051494471153845 0.28870033173076926 0.6047973533653846 0.29439913701923076 0.60578321875 0.29819835096153846 0.6089520745192307 0.2998868846153846 0.6105717139423077 0.29935921875 0.6128955432692308 0.29703747596153846 0.6126138653846154 0.29017779567307694
0 0.6049381923076923 0.3212661298076923 0.6062057331730769 0.32105505769230774 0.6076141153846154 0.3217937980769231 0.6082478822115385 0.3222159326923077 0.6091633317307692 0.32232146394230765 0.6108788125 0.32123644230769227 0.6109238076923077 0.3181001225961539 0.6097266850961538 0.31472304567307696 0.6081774663461539 0.3121902475961538 0.6063465721153846 0.31134597596153846 0.604234 0.31440644951923075 0.6032481346153846 0.3186277908653846 0.6038114855769231 0.32073846153846153 0.6049381923076923 0.3212661298076923
2 0.5958196610576922 0.3156668918269231 0.5993338918269231 0.3147891177884615 0.6024576418269231 0.31186323317307696 0.6048004591346154 0.3109854567307692 0.6069480384615384 0.3101077043269231 0.6083146826923077 0.30952251442307693 0.6075337379807693 0.3057188774038461 0.6067814110576923 0.30122947115384613 0.6022624110576923 0.3010374663461538 0.59835771875 0.3019152163461538 0.5950387283653846 0.3007448581730769 0.5921102067307692 0.2992819158653846 0.59191496875 0.30601146153846154 0.5921102067307692 0.3121558173076923 0.5932816129807692 0.31537428605769235 0.5958196610576922 0.3156668918269231
0 0.5919167908653846 0.5666315721153846 0.5929730769230769 0.5639932331730769 0.5937476850961538 0.5601940288461539 0.5938885240384615 0.5561837596153846 0.5940293629807692 0.5519624182692308 0.5945927139423077 0.5477410769230769 0.5932842572115384 0.5462268197115384 0.5911421802884615 0.5483742764423076 0.5886775144230769 0.5534398798076923 0.588255 0.5576612211538461 0.5881845793269231 0.5607216947115384 0.5888183533653846 0.5642043052884615 0.5898042211538461 0.5664205072115385 0.5909309230769231 0.56747584375 0.5919167908653846 0.5666315721153846
0 0.5904379903846154 0.5956620817307692 0.5905788293269231 0.5955565504807692 0.5911421802884615 0.5926016153846153 0.5912830192307692 0.5894356105769231 0.5914238581730769 0.5855308629807692 0.5912830192307692 0.5826814615384616 0.5905788293269231 0.58014865625 0.5888183533653846 0.5789877884615385 0.5860015913461538 0.5826814615384616 0.5852974014423077 0.5861640625 0.5853678197115385 0.5891190048076923 0.5860720096153846 0.5920739471153846 0.5869170384615384 0.5938680144230769 0.5879733245192308 0.5952399543269231 0.5893817043269232 0.5956620817307692 0.5904379903846154 0.5956620817307692
2 0.5746149182692307 0.5802109014423077 0.5761568942307692 0.5819440552884616 0.578084360576923 0.5823773485576923 0.5799154519230769 0.5823773485576923 0.5808791850961538 0.5817996274038462 0.5825175312499999 0.5797776057692308 0.5847341177884615 0.5789110288461539 0.5889745456730769 0.5786221634615385 0.5902273966346153 0.5783333076923077 0.5903237716346154 0.5744337043269231 0.5909020120192308 0.5711118100961539 0.5909020120192308 0.5693786562500001 0.5887817980769231 0.5682232115384616 0.5876253173076923 0.5680787836538461 0.5863724639423077 0.5679343557692308 0.5849268653846154 0.5669233413461539 0.583041733173077 0.563341985576923 0.5811683076923078 0.5614350096153846 0.5782771081730769 0.560712860576923 0.5768315072115384 0.5628793100961539 0.5759641466346154 0.5663456177884615 0.5757713990384615 0.5696675120192307 0.5748076658653847 0.5731338317307693 0.5746149182692307 0.5767445793269231 0.5746149182692307 0.5802109014423077
1 0.5873306346153846 0.2961446802884615 0.5838546346153847 0.2906197403846154 0.57991171875 0.2943891538461539 0.5781546033653846 0.3019964519230769 0.5758117860576923 0.31077410817307694 0.5824497668269231 0.31633329326923076 0.5857687596153845 0.3166258774038461 0.5886972788461539 0.31252963461538463 0.5885020408653846 0.30258162019230767 0.5873306346153846 0.2961446802884615
0 0.5799849471153846 0.8478429759615385 0.5803370432692307 0.8453101778846153 0.5804778822115385 0.8392947620192307 0.58061871875 0.8384504975961539 0.581041233173077 0.8351789519230769 0.5793845576923077 0.8340297620192308 0.5768160913461539 0.8381338942307692 0.5747739374999999 0.8434105721153846 0.5743514254807692 0.846471045673077 0.5742810048076923 0.8500591875 0.5757598052884615 0.8520643173076923 0.577449860576923 0.8521698581730769 0.5788582403846154 0.8512200528846154 0.5799849471153846 0.8478429759615385
0 0.5744218413461538 0.8698246057692308 0.5754077091346154 0.8707744110576924 0.5761823173076923 0.8714076105769231 0.5771681850961539 0.8715131418269231 0.5778723774038462 0.8707744110576924 0.5775906995192307 0.8683471346153847 0.5773794423076923 0.8656032644230769 0.5773794423076923 0.8650755985576922 0.5771852379807693 0.8630607764423076 0.5754781274038462 0.8616985192307692 0.5733655576923077 0.86212065625 0.5722388533653846 0.8639147307692308 0.5722388533653846 0.8662364639423077 0.5722388533653846 0.8679250000000001 0.5727317860576924 0.8692969399038462 0.573295139423077 0.8697190745192308 0.5744218413461538 0.8698246057692308
1 0.57190709375 0.5619803341346153 0.5726880360576924 0.5581766730769231 0.5713213918269231 0.5540804519230769 0.5674166971153846 0.5599322235576923 0.5646834158653846 0.5681247115384616 0.5656595889423077 0.5739764807692308 0.5683928701923077 0.5795356442307692 0.5701499855769231 0.5792430841346154 0.5713213918269231 0.5725135384615384 0.5715166298076924 0.5669543293269231 0.57190709375 0.5619803341346153
2 0.5634822644230769 0.8483605 0.5621330408653846 0.8541376971153846 0.5618439206730769 0.85832615625 0.5625185312500001 0.8629479326923076 0.5638677596153846 0.8649699423076923 0.5665662043269231 0.8645366466346154 0.5686864254807692 0.8633812043269231 0.5711921298076923 0.8630923485576923 0.5735050913461538 0.8626590528846154 0.5749751466346154 0.8615047115384615 0.5753361826923077 0.8586150336538462 0.5754325576923077 0.8550042740384616 0.5754325576923077 0.8531266802884615 0.5714812499999999 0.8518268197115385 0.5691682932692308 0.8518268197115385 0.5675299375 0.8487937836538462 0.5650242403846154 0.8473494831730769 0.5634822644230769 0.8483605
1 0.55999778125 0.8457416586538462 0.5603882524038462 0.8413528317307691 0.5597083509615385 0.8364721177884615 0.5553121466346154 0.8407676634615384 0.5521883798076923 0.8489601514423076 0.5535550384615384 0.8548119230769231 0.5562883197115385 0.8589081442307692 0.5586311370192308 0.8589081442307692 0.559412079326923 0.8551045288461538 0.5596073100961538 0.8498379254807692 0.55999778125 0.8457416586538462