2 0.27283653846153844 0.7572115384615384 0.052884615384615384 0.028846153846153848
1 0.33052884615384615 0.7608173076923077 0.03365384615384615 0.04326923076923077
0 0.34134615384615385 0.15144230769230768 0.03125 0.03125
0 0.3425480769230769 0.3954326923076923 0.02403846153846154 0.028846153846153848
0 0.3473557692307692 0.35216346153846156 0.021634615384615384 0.02403846153846154
0 0.35096153846153844 0.203125 0.028846153846153848 0.028846153846153848
2 0.36899038461538464 0.17427884615384615 0.05048076923076923 0.026442307692307692
2 0.3701923076923077 0.3701923076923077 0.040865384615384616 0.02403846153846154
1 0.40865384615384615 0.3737980769230769 0.03125 0.038461538461538464
1 0.41947115384615385 0.17307692307692307 0.038461538461538464 0.036057692307692304
0 0.44471153846153844 0.6430288461538461 0.026442307692307692 0.03365384615384615
0 0.4483173076923077 0.6069711538461539 0.02403846153846154 0.021634615384615384
2 0.47836538461538464 0.6237980769230769 0.04567307692307692 0.028846153846153848
1 0.5180288461538461 0.6334134615384616 0.03365384615384615 0.038461538461538464
0 0.23197115384615385 0.7908653846153846 0.038461538461538464 0.038461538461538464
0 0.2403846153846154 0.7512019230769231 0.03365384615384615 0.021634615384615384