0 0.36538461538461536 0.38100961538461536 0.02403846153846154 0.02403846153846154
0 0.3858173076923077 0.4170673076923077 0.02403846153846154 0.02403846153846154
2 0.40625 0.390625 0.05048076923076923 0.02403846153846154
0 0.5372596153846154 0.4483173076923077 0.02403846153846154 0.014423076923076924
0 0.5408653846153846 0.2692307692307692 0.028846153846153848 0.02403846153846154
0 0.5576923076923077 0.48677884615384615 0.019230769230769232 0.02403846153846154
0 0.5588942307692307 0.31009615384615385 0.02403846153846154 0.016826923076923076
2 0.5697115384615384 0.46153846153846156 0.04807692307692308 0.02403846153846154
2 0.5757211538461539 0.2860576923076923 0.05048076923076923 0.02403846153846154
1 0.6105769230769231 0.4639423076923077 0.026442307692307692 0.03365384615384615
1 0.6117788461538461 0.2764423076923077 0.036057692307692304 0.03365384615384615