1 0.5865384615384616 0.6610576923076923 0.02403846153846154 0.02403846153846154
0 0.7091346153846154 0.26322115384615385 0.019230769230769232 0.014423076923076924
0 0.7043269230769231 0.2860576923076923 0.019230769230769232 0.014423076923076924
2 0.6935096153846154 0.27403846153846156 0.03365384615384615 0.019230769230769232
0 0.6838942307692307 0.44471153846153844 0.014423076923076924 0.009615384615384616
0 0.6706730769230769 0.46153846153846156 0.014423076923076924 0.009615384615384616
1 0.6658653846153846 0.27163461538461536 0.014423076923076924 0.019230769230769232
2 0.6646634615384616 0.45072115384615385 0.021634615384615384 0.01201923076923077
1 0.6478365384615384 0.44711538461538464 0.01201923076923077 0.014423076923076924
0 0.6334134615384616 0.6682692307692307 0.016826923076923076 0.014423076923076924
0 0.6274038461538461 0.6478365384615384 0.014423076923076924 0.009615384615384616
2 0.6141826923076923 0.6586538461538461 0.028846153846153848 0.014423076923076924