0 0.2920673076923077 0.4735576923076923 0.004807692307692308 0.002403846153846154
0 0.2932692307692308 0.47716346153846156 0.004807692307692308 0.002403846153846154
2 0.29447115384615385 0.47475961538461536 0.004807692307692308 0.002403846153846154
1 0.2980769230769231 0.47475961538461536 0.002403846153846154 0.004807692307692308
0 0.34375 0.4495192307692308 0.009615384615384616 0.014423076923076924
0 0.34975961538461536 0.4254807692307692 0.009615384615384616 0.014423076923076924
0 0.35336538461538464 0.30649038461538464 0.01201923076923077 0.016826923076923076
0 0.3581730769230769 0.8221153846153846 0.009615384615384616 0.016826923076923076
2 0.3581730769230769 0.43990384615384615 0.019230769230769232 0.016826923076923076
0 0.359375 0.7956730769230769 0.01201923076923077 0.014423076923076924
0 0.3605769230769231 0.28125 0.01201923076923077 0.014423076923076924
2 0.36778846153846156 0.8100961538461539 0.02403846153846154 0.021634615384615384
2 0.3701923076923077 0.296875 0.028846153846153848 0.019230769230769232
0 0.3713942307692308 0.6153846153846154 0.009615384615384616 0.01201923076923077
1 0.37740384615384615 0.44350961538461536 0.019230769230769232 0.028846153846153848
0 0.3786057692307692 0.6418269230769231 0.01201923076923077 0.014423076923076924
2 0.38822115384615385 0.6262019230769231 0.02403846153846154 0.016826923076923076
1 0.39302884615384615 0.30408653846153844 0.014423076923076924 0.02403846153846154
1 0.39302884615384615 0.8112980769230769 0.019230769230769232 0.036057692307692304
1 0.40625 0.625 0.009615384615384616 0.028846153846153848