1 0.41346153846153844 0.6610576923076923 0.02403846153846154 0.02403846153846154
0 0.29086538461538464 0.26322115384615385 0.019230769230769232 0.014423076923076924
0 0.2956730769230769 0.2860576923076923 0.019230769230769232 0.014423076923076924
2 0.30649038461538464 0.27403846153846156 0.03365384615384615 0.019230769230769232
0 0.3161057692307692 0.44471153846153844 0.014423076923076924 0.009615384615384616
0 0.3293269230769231 0.46153846153846156 0.014423076923076924 0.009615384615384616
1 0.33413461538461536 0.27163461538461536 0.014423076923076924 0.019230769230769232
2 0.33533653846153844 0.45072115384615385 0.021634615384615384 0.01201923076923077
1 0.35216346153846156 0.44711538461538464 0.01201923076923077 0.014423076923076924
0 0.36658653846153844 0.6682692307692307 0.016826923076923076 0.014423076923076924
0 0.37259615384615385 0.6478365384615384 0.014423076923076924 0.009615384615384616
2 0.3858173076923077 0.6586538461538461 0.028846153846153848 0.014423076923076924