0 0.5012019230769231 0.421875 0.028846153846153848 0.02403846153846154
0 0.5432692307692307 0.4254807692307692 0.02403846153846154 0.019230769230769232
2 0.5216346153846154 0.44350961538461536 0.028846153846153848 0.04807692307692308
0 0.33653846153846156 0.47115384615384615 0.021634615384615384 0.019230769230769232
0 0.7139423076923077 0.4735576923076923 0.02403846153846154 0.021634615384615384
0 0.296875 0.47596153846153844 0.026442307692307692 0.019230769230769232
0 0.6790865384615384 0.47596153846153844 0.02403846153846154 0.02403846153846154
1 0.5204326923076923 0.48197115384615385 0.04567307692307692 0.03365384615384615
2 0.6983173076923077 0.49759615384615385 0.028846153846153848 0.04326923076923077
2 0.3173076923076923 0.4987980769230769 0.028846153846153848 0.04326923076923077
1 0.30649038461538464 0.5228365384615384 0.03365384615384615 0.028846153846153848
1 0.7055288461538461 0.5240384615384616 0.038461538461538464 0.028846153846153848