0 0.5588942307692307 0.2824519230769231 0.028846153846153848 0.02403846153846154
0 0.515625 0.2824519230769231 0.028846153846153848 0.026442307692307692
2 0.5372596153846154 0.3088942307692308 0.03365384615384615 0.052884615384615384
1 0.5348557692307693 0.3485576923076923 0.04807692307692308 0.038461538461538464
0 0.6862980769230769 0.359375 0.028846153846153848 0.03125
0 0.6418269230769231 0.36177884615384615 0.02403846153846154 0.03365384615384615
2 0.6646634615384616 0.3858173076923077 0.02403846153846154 0.05048076923076923
1 0.6682692307692307 0.42788461538461536 0.04326923076923077 0.036057692307692304
0 0.43990384615384615 0.47836538461538464 0.028846153846153848 0.03125
0 0.47115384615384615 0.4879807692307692 0.019230769230769232 0.03365384615384615
2 0.46033653846153844 0.5120192307692307 0.036057692307692304 0.06009615384615385
0 0.7584134615384616 0.5372596153846154 0.028846153846153848 0.021634615384615384
0 0.8016826923076923 0.5600961538461539 0.02403846153846154 0.02403846153846154
1 0.4387019230769231 0.5673076923076923 0.04807692307692308 0.04807692307692308
2 0.7728365384615384 0.5685096153846154 0.028846153846153848 0.04567307692307692
1 0.7668269230769231 0.6069711538461539 0.04326923076923077 0.038461538461538464
0 0.3954326923076923 0.17668269230769232 0.026442307692307692 0.02403846153846154
0 0.43028846153846156 0.19831730769230768 0.02403846153846154 0.028846153846153848
2 0.4110576923076923 0.21394230769230768 0.028846153846153848 0.04807692307692308
1 0.3942307692307692 0.24158653846153846 0.036057692307692304 0.04326923076923077