0 0.5949519230769231 0.3713942307692308 0.014423076923076924 0.004807692307692308
0 0.5793269230769231 0.3737980769230769 0.004807692307692308 0.004807692307692308
2 0.5817307692307693 0.37740384615384615 0.01201923076923077 0.009615384615384616
1 0.5817307692307693 0.3870192307692308 0.014423076923076924 0.007211538461538462
0 0.6454326923076923 0.5072115384615384 0.009615384615384616 0.004807692307692308
0 0.671875 0.5108173076923077 0.021634615384615384 0.009615384615384616
2 0.6466346153846154 0.5168269230769231 0.021634615384615384 0.014423076923076924
1 0.6526442307692307 0.5420673076923077 0.026442307692307692 0.028846153846153848
0 0.2668269230769231 0.546875 0.019230769230769232 0.007211538461538462
0 0.24639423076923078 0.5480769230769231 0.007211538461538462 0.004807692307692308
2 0.2512019230769231 0.5552884615384616 0.016826923076923076 0.009615384615384616
1 0.2512019230769231 0.5697115384615384 0.019230769230769232 0.014423076923076924