0 0.578125 0.6742788461538461 0.04807692307692308 0.0625
0 0.5661057692307693 0.5564903846153846 0.04326923076923077 0.0673076923076923
0 0.5492788461538461 0.12980769230769232 0.052884615384615384 0.0625
2 0.5084134615384616 0.6225961538461539 0.10576923076923077 0.0673076923076923
0 0.5036057692307693 0.039663461538461536 0.04326923076923077 0.052884615384615384
2 0.47475961538461536 0.09615384615384616 0.09375 0.06009615384615385
0 0.4387019230769231 0.3786057692307692 0.04567307692307692 0.057692307692307696
0 0.4254807692307692 0.28365384615384615 0.055288461538461536 0.057692307692307696
1 0.41947115384615385 0.6237980769230769 0.08413461538461539 0.12980769230769232
1 0.3798076923076923 0.12259615384615384 0.125 0.10576923076923077
2 0.36538461538461536 0.3401442307692308 0.10576923076923077 0.057692307692307696
1 0.28125 0.34615384615384615 0.08653846153846154 0.10576923076923077
0 0.8473557692307693 0.5240384615384616 0.04807692307692308 0.04326923076923077
0 0.8305288461538461 0.44471153846153844 0.04326923076923077 0.04326923076923077
2 0.8221153846153846 0.4807692307692308 0.06009615384615385 0.04326923076923077
1 0.7548076923076923 0.47475961538461536 0.04567307692307692 0.0625