0 0.47475961538461536 0.47115384615384615 0.052884615384615384 0.04807692307692308
0 0.5769230769230769 0.4723557692307692 0.052884615384615384 0.04567307692307692
0 0.6959134615384616 0.5036057692307693 0.05048076923076923 0.04326923076923077
0 0.7908653846153846 0.5180288461538461 0.04807692307692308 0.040865384615384616
2 0.5252403846153846 0.5240384615384616 0.0673076923076923 0.09375
0 0.3293269230769231 0.5516826923076923 0.052884615384615384 0.04807692307692308
2 0.7367788461538461 0.5685096153846154 0.04807692307692308 0.09615384615384616
0 0.22355769230769232 0.5829326923076923 0.055288461538461536 0.04326923076923077
2 0.28365384615384615 0.6225961538461539 0.057692307692307696 0.09615384615384616
1 0.5276442307692307 0.6310096153846154 0.07692307692307693 0.0625
1 0.7295673076923077 0.6574519230769231 0.0673076923076923 0.052884615384615384
1 0.28846153846153844 0.71875 0.07211538461538461 0.052884615384615384