1 0.4098557692307692 0.4326923076923077 0.08173076923076923 0.03365384615384615
0 0.6454326923076923 0.4567307692307692 0.052884615384615384 0.028846153846153848
2 0.6466346153846154 0.49038461538461536 0.057692307692307696 0.04326923076923077
0 0.6033653846153846 0.5036057692307693 0.04326923076923077 0.03365384615384615
1 0.6862980769230769 0.5120192307692307 0.04807692307692308 0.040865384615384616
0 0.22716346153846154 0.5757211538461539 0.04807692307692308 0.038461538461538464
0 0.3016826923076923 0.5973557692307693 0.038461538461538464 0.03125
2 0.24639423076923078 0.6117788461538461 0.06009615384615385 0.04807692307692308
1 0.21153846153846154 0.6430288461538461 0.07692307692307693 0.038461538461538464
0 0.4206730769230769 0.36778846153846156 0.0625 0.026442307692307692
0 0.3389423076923077 0.3918269230769231 0.05048076923076923 0.03365384615384615
2 0.3942307692307692 0.3954326923076923 0.057692307692307696 0.04326923076923077