0 0.28966346153846156 0.265625 0.016826923076923076 0.009615384615384616
0 0.29927884615384615 0.6454326923076923 0.009615384615384616 0.009615384615384616
0 0.30528846153846156 0.6682692307692307 0.009615384615384616 0.014423076923076924
2 0.3088942307692308 0.2692307692307692 0.02403846153846154 0.009615384615384616
2 0.31850961538461536 0.6526442307692307 0.02403846153846154 0.014423076923076924
1 0.3317307692307692 0.26322115384615385 0.019230769230769232 0.009615384615384616
1 0.33533653846153844 0.6550480769230769 0.014423076923076924 0.016826923076923076
0 0.35096153846153844 0.4723557692307692 0.014423076923076924 0.014423076923076924
0 0.3545673076923077 0.45072115384615385 0.014423076923076924 0.014423076923076924
0 0.359375 0.32572115384615385 0.014423076923076924 0.01201923076923077
2 0.36658653846153844 0.46274038461538464 0.02403846153846154 0.014423076923076924
0 0.3701923076923077 0.3401442307692308 0.014423076923076924 0.009615384615384616
2 0.3786057692307692 0.3317307692307692 0.02403846153846154 0.014423076923076924
1 0.3870192307692308 0.4651442307692308 0.016826923076923076 0.02403846153846154
1 0.39302884615384615 0.3245192307692308 0.019230769230769232 0.014423076923076924