0 0.7163461538461539 0.5709134615384616 0.028846153846153848 0.01201923076923077
0 0.7415865384615384 0.5721153846153846 0.019230769230769232 0.014423076923076924
2 0.7295673076923077 0.5841346153846154 0.026442307692307692 0.014423076923076924
1 0.7127403846153846 0.5949519230769231 0.026442307692307692 0.014423076923076924
0 0.4375 0.6177884615384616 0.02403846153846154 0.01201923076923077
0 0.4735576923076923 0.6189903846153846 0.028846153846153848 0.019230769230769232
2 0.4519230769230769 0.6310096153846154 0.028846153846153848 0.019230769230769232
1 0.453125 0.6454326923076923 0.03365384615384615 0.014423076923076924
0 0.2956730769230769 0.234375 0.02403846153846154 0.01201923076923077
0 0.3245192307692308 0.23557692307692307 0.02403846153846154 0.009615384615384616
2 0.31009615384615385 0.2439903846153846 0.019230769230769232 0.014423076923076924
1 0.3112980769230769 0.25961538461538464 0.028846153846153848 0.014423076923076924