2 0.3173076923076923 0.7403846153846154 0.052884615384615384 0.03365384615384615
1 0.3317307692307692 0.37259615384615385 0.06971153846153846 0.06490384615384616
0 0.5985576923076923 0.6081730769230769 0.03365384615384615 0.038461538461538464
0 0.6033653846153846 0.6766826923076923 0.03365384615384615 0.04326923076923077
0 0.6153846153846154 0.24759615384615385 0.038461538461538464 0.04326923076923077
0 0.6225961538461539 0.3125 0.04326923076923077 0.040865384615384616
2 0.6442307692307693 0.6394230769230769 0.052884615384615384 0.04807692307692308
2 0.6622596153846154 0.2776442307692308 0.0625 0.04326923076923077
1 0.6935096153846154 0.6382211538461539 0.04326923076923077 0.04807692307692308
1 0.7175480769230769 0.27524038461538464 0.0625 0.06971153846153846
0 0.20432692307692307 0.3894230769230769 0.040865384615384616 0.038461538461538464
0 0.22115384615384615 0.328125 0.04807692307692308 0.04807692307692308
2 0.25 0.36899038461538464 0.0673076923076923 0.03365384615384615
0 0.27884615384615385 0.7728365384615384 0.038461538461538464 0.04567307692307692
0 0.2848557692307692 0.7079326923076923 0.04807692307692308 0.038461538461538464