2 0.7271634615384616 0.24278846153846154 0.052884615384615384 0.028846153846153848
1 0.6694711538461539 0.23918269230769232 0.03365384615384615 0.04326923076923077
0 0.6586538461538461 0.8485576923076923 0.03125 0.03125
0 0.6574519230769231 0.6045673076923077 0.02403846153846154 0.028846153846153848
0 0.6526442307692307 0.6478365384615384 0.021634615384615384 0.02403846153846154
0 0.6490384615384616 0.796875 0.028846153846153848 0.028846153846153848
2 0.6310096153846154 0.8257211538461539 0.05048076923076923 0.026442307692307692
2 0.6298076923076923 0.6298076923076923 0.040865384615384616 0.02403846153846154
1 0.5913461538461539 0.6262019230769231 0.03125 0.038461538461538464
1 0.5805288461538461 0.8269230769230769 0.038461538461538464 0.036057692307692304
0 0.5552884615384616 0.35697115384615385 0.026442307692307692 0.03365384615384615
0 0.5516826923076923 0.39302884615384615 0.02403846153846154 0.021634615384615384
2 0.5216346153846154 0.3762019230769231 0.04567307692307692 0.028846153846153848
1 0.48197115384615385 0.36658653846153844 0.03365384615384615 0.038461538461538464
0 0.7680288461538461 0.2091346153846154 0.038461538461538464 0.038461538461538464
0 0.7596153846153846 0.24879807692307693 0.03365384615384615 0.021634615384615384