0 0.3088942307692308 0.7668269230769231 0.019230769230769232 0.019230769230769232
0 0.31490384615384615 0.7367788461538461 0.019230769230769232 0.014423076923076924
2 0.3317307692307692 0.7548076923076923 0.038461538461538464 0.019230769230769232
0 0.3545673076923077 0.25721153846153844 0.016826923076923076 0.02403846153846154
1 0.35697115384615385 0.7596153846153846 0.02403846153846154 0.03365384615384615
0 0.36778846153846156 0.28725961538461536 0.019230769230769232 0.021634615384615384
2 0.375 0.2692307692307692 0.03365384615384615 0.02403846153846154
1 0.40625 0.2644230769230769 0.02403846153846154 0.038461538461538464
0 0.203125 0.4855769230769231 0.021634615384615384 0.019230769230769232
0 0.21153846153846154 0.45552884615384615 0.019230769230769232 0.019230769230769232
2 0.22716346153846154 0.4735576923076923 0.036057692307692304 0.019230769230769232
1 0.25240384615384615 0.4795673076923077 0.02403846153846154 0.03125