0 0.7896634615384616 0.32211538461538464 0.05048076923076923 0.04326923076923077
0 0.6995192307692307 0.3449519230769231 0.04807692307692308 0.04326923076923077
2 0.7427884615384616 0.38822115384615385 0.0673076923076923 0.08173076923076923
0 0.36778846153846156 0.38822115384615385 0.04567307692307692 0.04326923076923077
0 0.5540865384615384 0.3942307692307692 0.04807692307692308 0.052884615384615384
0 0.47836538461538464 0.40024038461538464 0.05048076923076923 0.04807692307692308
0 0.30408653846153844 0.4014423076923077 0.04326923076923077 0.04326923076923077
2 0.33052884615384615 0.4411057692307692 0.04326923076923077 0.06490384615384616
2 0.515625 0.4411057692307692 0.04807692307692308 0.08173076923076923
1 0.7512019230769231 0.46033653846153844 0.09615384615384616 0.0625
1 0.34375 0.49399038461538464 0.0673076923076923 0.06009615384615385
0 0.12259615384615384 0.5084134615384616 0.04326923076923077 0.04326923076923077
1 0.5192307692307693 0.5108173076923077 0.08173076923076923 0.052884615384615384
0 0.1971153846153846 0.5120192307692307 0.038461538461538464 0.038461538461538464
2 0.15985576923076922 0.5516826923076923 0.04326923076923077 0.055288461538461536
1 0.16105769230769232 0.6009615384615384 0.07211538461538461 0.038461538461538464