2 0.6826923076923077 0.25961538461538464 0.052884615384615384 0.03365384615384615
1 0.6682692307692307 0.6274038461538461 0.06971153846153846 0.06490384615384616
0 0.4014423076923077 0.3918269230769231 0.03365384615384615 0.038461538461538464
0 0.39663461538461536 0.3233173076923077 0.03365384615384615 0.04326923076923077
0 0.38461538461538464 0.7524038461538461 0.038461538461538464 0.04326923076923077
0 0.37740384615384615 0.6875 0.04326923076923077 0.040865384615384616
2 0.3557692307692308 0.3605769230769231 0.052884615384615384 0.04807692307692308
2 0.33774038461538464 0.7223557692307693 0.0625 0.04326923076923077
1 0.30649038461538464 0.36177884615384615 0.04326923076923077 0.04807692307692308
1 0.2824519230769231 0.7247596153846154 0.0625 0.06971153846153846
0 0.7956730769230769 0.6105769230769231 0.040865384615384616 0.038461538461538464
0 0.7788461538461539 0.671875 0.04807692307692308 0.04807692307692308
2 0.75 0.6310096153846154 0.0673076923076923 0.03365384615384615
0 0.7211538461538461 0.22716346153846154 0.038461538461538464 0.04567307692307692
0 0.7151442307692307 0.2920673076923077 0.04807692307692308 0.038461538461538464