0 0.42908653846153844 0.7163461538461539 0.01201923076923077 0.028846153846153848
0 0.42788461538461536 0.7415865384615384 0.014423076923076924 0.019230769230769232
2 0.41586538461538464 0.7295673076923077 0.014423076923076924 0.026442307692307692
1 0.4050480769230769 0.7127403846153846 0.014423076923076924 0.026442307692307692
0 0.38221153846153844 0.4375 0.01201923076923077 0.02403846153846154
0 0.38100961538461536 0.4735576923076923 0.019230769230769232 0.028846153846153848
2 0.36899038461538464 0.4519230769230769 0.019230769230769232 0.028846153846153848
1 0.3545673076923077 0.453125 0.014423076923076924 0.03365384615384615
0 0.765625 0.2956730769230769 0.01201923076923077 0.02403846153846154
0 0.7644230769230769 0.3245192307692308 0.009615384615384616 0.02403846153846154
2 0.7560096153846154 0.31009615384615385 0.014423076923076924 0.019230769230769232
1 0.7403846153846154 0.3112980769230769 0.014423076923076924 0.028846153846153848