0 0.6911057692307693 0.23317307692307693 0.019230769230769232 0.019230769230769232
0 0.6850961538461539 0.26322115384615385 0.019230769230769232 0.014423076923076924
2 0.6682692307692307 0.24519230769230768 0.038461538461538464 0.019230769230769232
0 0.6454326923076923 0.7427884615384616 0.016826923076923076 0.02403846153846154
1 0.6430288461538461 0.2403846153846154 0.02403846153846154 0.03365384615384615
0 0.6322115384615384 0.7127403846153846 0.019230769230769232 0.021634615384615384
2 0.625 0.7307692307692307 0.03365384615384615 0.02403846153846154
1 0.59375 0.7355769230769231 0.02403846153846154 0.038461538461538464
0 0.796875 0.5144230769230769 0.021634615384615384 0.019230769230769232
0 0.7884615384615384 0.5444711538461539 0.019230769230769232 0.019230769230769232
2 0.7728365384615384 0.5264423076923077 0.036057692307692304 0.019230769230769232
1 0.7475961538461539 0.5204326923076923 0.02403846153846154 0.03125