0 0.27403846153846156 0.3605769230769231 0.01201923076923077 0.019230769230769232
0 0.24879807692307693 0.36538461538461536 0.014423076923076924 0.014423076923076924
2 0.2644230769230769 0.38221153846153844 0.021634615384615384 0.028846153846153848
0 0.5685096153846154 0.40384615384615385 0.014423076923076924 0.01201923076923077
1 0.25600961538461536 0.40625 0.03125 0.028846153846153848
0 0.5480769230769231 0.41225961538461536 0.009615384615384616 0.01201923076923077
0 0.3894230769230769 0.41466346153846156 0.016826923076923076 0.019230769230769232
2 0.5528846153846154 0.4230769230769231 0.021634615384615384 0.019230769230769232
0 0.41466346153846156 0.4230769230769231 0.02403846153846154 0.019230769230769232
0 0.8016826923076923 0.42908653846153844 0.019230769230769232 0.019230769230769232
0 0.78125 0.4326923076923077 0.014423076923076924 0.021634615384615384
2 0.39903846153846156 0.4375 0.019230769230769232 0.02403846153846154
1 0.5612980769230769 0.4495192307692308 0.02403846153846154 0.02403846153846154
2 0.7872596153846154 0.4495192307692308 0.021634615384615384 0.02403846153846154
1 0.39903846153846156 0.46153846153846156 0.028846153846153848 0.026442307692307692
1 0.7920673076923077 0.47596153846153844 0.03125 0.03365384615384615