0 0.3137019230769231 0.6262019230769231 0.021634615384615384 0.021634615384615384
0 0.31971153846153844 0.6610576923076923 0.019230769230769232 0.019230769230769232
2 0.3401442307692308 0.6454326923076923 0.038461538461538464 0.02403846153846154
1 0.36658653846153844 0.6394230769230769 0.03365384615384615 0.04326923076923077
0 0.38822115384615385 0.5072115384615384 0.028846153846153848 0.02403846153846154
0 0.40024038461538464 0.5384615384615384 0.026442307692307692 0.019230769230769232
2 0.41466346153846156 0.5240384615384616 0.03365384615384615 0.019230769230769232
1 0.44471153846153844 0.5144230769230769 0.03365384615384615 0.036057692307692304
0 0.49278846153846156 0.46634615384615385 0.02403846153846154 0.02403846153846154
2 0.5168269230769231 0.4519230769230769 0.040865384615384616 0.028846153846153848
1 0.5552884615384616 0.4579326923076923 0.036057692307692304 0.036057692307692304
0 0.5661057692307693 0.4182692307692308 0.03365384615384615 0.03125
0 0.5997596153846154 0.36658653846153844 0.036057692307692304 0.03365384615384615
2 0.6201923076923077 0.4014423076923077 0.06490384615384616 0.038461538461538464
1 0.6622596153846154 0.40865384615384615 0.03365384615384615 0.04807692307692308