0 0.21033653846153846 0.32211538461538464 0.05048076923076923 0.04326923076923077
0 0.3004807692307692 0.3449519230769231 0.04807692307692308 0.04326923076923077
2 0.25721153846153844 0.38822115384615385 0.0673076923076923 0.08173076923076923
0 0.6322115384615384 0.38822115384615385 0.04567307692307692 0.04326923076923077
0 0.44591346153846156 0.3942307692307692 0.04807692307692308 0.052884615384615384
0 0.5216346153846154 0.40024038461538464 0.05048076923076923 0.04807692307692308
0 0.6959134615384616 0.4014423076923077 0.04326923076923077 0.04326923076923077
2 0.6694711538461539 0.4411057692307692 0.04326923076923077 0.06490384615384616
2 0.484375 0.4411057692307692 0.04807692307692308 0.08173076923076923
1 0.24879807692307693 0.46033653846153844 0.09615384615384616 0.0625
1 0.65625 0.49399038461538464 0.0673076923076923 0.06009615384615385
0 0.8774038461538461 0.5084134615384616 0.04326923076923077 0.04326923076923077
1 0.4807692307692308 0.5108173076923077 0.08173076923076923 0.052884615384615384
0 0.8028846153846154 0.5120192307692307 0.038461538461538464 0.038461538461538464
2 0.8401442307692307 0.5516826923076923 0.04326923076923077 0.055288461538461536
1 0.8389423076923077 0.6009615384615384 0.07211538461538461 0.038461538461538464